0 23
0 33
1 0
1 82
2 67
2 98
3 25
3 78
4 86
4 97
5 43
5 56
6 29
6 31
7 62
7 74
8 13
8 27
9 17
9 48
10 48
10 76
11 10
11 31
12 58
13 30
13 92
14 45
14 78
15 7
15 44
16 55
16 94
17 26
17 95
18 14
18 46
19 53
19 94
20 12
20 85
21 22
21 54
22 71
22 98
23 8
23 35
24 2
24 22
25 38
25 84
26 1
26 37
27 30
27 96
28 43
29 18
29 90
30 36
30 68
31 18
31 76
33 35
33 62
34 65
34 69
35 27
35 50
36 41
36 88
37 0
37 73
38 57
39 37
39 75
40 26
40 39
41 80
42 15
42 93
43 89
44 74
45 34
45 83
46 45
46 64
47 72
48 61
48 95
49 17
49 40
50 72
50 96
51 41
52 9
52 49
53 28
54 63
54 71
55 5
55 92
56 20
56 89
57 99
58 32
59 42
59 75
60 9
60 10
61 64
61 77
62 47
62 50
63 6
63 11
64 4
64 83
65 16
65 19
66 49
66 87
67 52
67 66
68 20
68 88
69 19
69 99
70 32
71 11
71 60
72 51
73 7
73 33
74 47
75 15
75 73
76 46
76 61
77 4
77 82
78 34
78 84
79 39
79 59
80 70
81 21
81 24
82 23
82 97
83 65
83 86
84 57
84 69
85 58
85 70
86 16
86 91
87 40
87 79
88 80
88 85
89 12
90 3
90 14
91 13
91 55
92 56
92 68
93 44
94 5
94 28
95 1
95 77
96 36
96 51
97 8
97 91
98 52
98 60
99 53

