0 13
1 91
2 11
2 26
3 26
3 48
4 89
4 92
5 61
6 52
6 98
7 17
7 46
8 39
8 79
9 3
9 32
10 17
10 56
11 0
11 85
12 0
13 1
14 84
14 91
15 67
15 90
16 72
16 73
17 5
17 71
18 6
18 19
19 52
19 70
20 50
20 51
21 39
21 75
22 4
22 69
23 78
23 86
24 97
25 32
25 38
26 43
26 85
27 50
27 69
28 33
28 47
29 22
29 27
30 56
31 8
31 21
32 41
32 48
33 60
33 82
34 20
34 27
35 54
35 72
36 68
36 97
37 47
37 66
38 41
38 46
39 44
39 63
40 81
40 87
41 28
41 37
42 31
42 74
43 55
43 66
44 9
44 94
45 36
45 76
46 28
46 71
47 65
47 82
48 37
48 43
49 19
49 58
50 42
50 57
51 57
51 80
52 23
52 77
53 25
53 86
54 59
54 94
55 1
55 14
56 5
57 31
57 64
58 70
58 79
59 2
59 67
60 99
61 60
62 90
63 9
63 25
64 21
64 96
65 45
65 84
66 14
66 65
67 11
67 12
68 95
69 42
69 89
70 23
70 53
71 33
71 61
72 15
72 59
73 15
73 62
74 8
74 58
75 44
75 54
76 68
77 78
77 81
78 7
78 10
79 53
79 63
80 64
80 83
81 10
81 30
82 45
82 99
83 93
83 96
84 24
84 36
85 13
85 55
86 7
86 38
87 30
88 29
88 34
89 49
89 74
90 12
91 24
92 18
92 49
93 16
93 35
94 2
94 3
96 35
96 75
97 95
98 40
98 77
99 76

