0 81
0 332
1 272
1 338
2 182
2 383
3 274
3 326
4 277
4 281
5 46
5 380
6 165
6 234
7 244
7 307
8 84
8 125
9 84
9 159
10 227
10 320
11 284
12 26
12 204
13 113
13 117
14 141
14 317
15 209
15 228
16 42
16 147
17 93
17 367
18 142
18 297
19 242
19 272
20 82
20 266
21 4
21 231
22 159
22 381
23 30
23 152
24 292
24 360
25 151
25 158
26 161
26 173
27 170
27 384
28 85
28 226
29 194
29 363
30 96
30 160
31 211
31 371
32 25
32 389
33 1
33 328
34 392
35 219
35 346
36 208
37 28
37 373
38 249
38 276
39 246
39 357
40 52
40 77
41 186
41 324
42 245
42 322
43 63
43 133
44 109
44 232
45 3
45 211
46 64
46 269
47 261
47 302
48 14
48 180
49 78
50 135
50 344
51 218
52 58
52 289
53 60
53 202
54 24
54 69
55 90
55 393
56 157
56 267
57 352
57 388
58 105
58 115
59 12
59 210
60 62
60 397
61 63
61 97
62 247
62 355
63 71
63 134
64 171
64 182
65 111
65 225
66 324
66 382
67 115
67 191
68 131
68 309
69 341
69 360
70 103
70 145
71 25
71 195
72 137
72 172
73 246
74 44
74 266
75 29
75 275
76 120
76 234
77 58
77 67
78 224
79 180
79 327
80 54
80 298
81 291
81 312
82 285
82 286
83 35
83 315
84 74
84 199
85 107
85 111
86 192
86 240
87 99
87 200
88 73
89 1
89 19
90 189
90 207
91 67
91 378
92 90
92 347
93 209
93 372
94 212
95 11
95 118
96 169
97 134
97 348
98 35
98 394
99 94
99 290
100 33
100 89
101 231
101 371
102 155
102 279
103 89
103 129
104 15
104 93
105 273
105 314
106 77
106 91
107 235
107 317
108 110
108 388
109 130
109 249
110 98
110 329
111 144
111 235
112 21
112 269
113 50
113 374
114 30
114 150
115 56
115 273
116 5
116 286
117 16
117 374
118 284
118 320
119 222
119 358
120 330
120 375
121 100
121 103
122 185
122 298
123 157
123 227
124 11
125 156
125 199
126 26
126 310
127 170
127 185
128 95
128 124
129 19
129 295
130 31
130 101
131 146
131 294
132 119
132 268
133 32
133 71
134 195
134 301
135 245
135 336
136 68
136 332
137 253
137 321
138 263
138 341
139 217
139 255
140 6
140 76
141 52
141 229
142 184
142 345
143 99
143 239
144 351
144 354
145 129
145 368
146 86
146 215
147 307
147 322
148 325
148 386
149 59
149 178
150 96
151 288
151 359
152 160
152 251
153 38
153 109
154 49
154 175
155 108
155 308
156 153
156 202
157 66
157 214
158 359
158 378
159 20
159 74
160 169
160 311
161 181
161 190
162 57
162 108
163 287
163 304
164 126
164 259
165 323
166 87
166 143
167 17
167 275
168 252
168 259
169 260
170 37
170 366
171 187
171 281
172 253
172 325
173 181
173 321
174 391
175 78
175 243
176 198
176 384
177 34
178 12
178 126
179 17
179 104
180 40
180 141
181 236
181 349
182 70
182 187
183 128
183 196
184 83
184 255
185 138
185 366
186 337
187 145
187 233
188 201
188 238
189 177
189 203
190 24
190 349
191 56
191 123
192 164
192 168
193 10
193 123
194 334
194 339
195 151
195 369
196 124
197 354
198 248
198 305
199 44
199 153
200 94
201 282
201 293
202 38
202 397
203 34
203 264
204 161
204 270
205 39
205 73
206 297
206 309
207 177
208 200
209 36
209 353
210 204
210 244
211 213
211 326
212 271
213 18
213 279
214 220
214 382
215 192
215 364
216 113
216 361
217 149
217 240
219 7
219 210
220 203
220 278
221 106
221 389
222 8
222 342
223 344
223 363
224 218
225 144
225 197
226 14
226 107
227 41
227 66
228 36
229 289
229 370
230 163
230 291
231 102
231 277
232 130
232 283
233 57
233 368
234 323
234 375
235 306
235 351
236 43
236 61
237 82
237 116
238 76
238 282
239 258
239 290
240 164
240 178
241 196
242 335
242 361
243 51
243 224
244 80
244 270
245 27
245 127
246 365
247 303
247 395
248 28
248 250
249 31
249 45
250 65
250 85
251 311
251 348
252 72
252 262
253 265
253 300
254 221
254 327
255 149
255 315
256 140
256 238
257 9
257 22
258 65
258 316
259 72
259 310
260 241
261 0
261 136
262 148
262 172
263 48
263 79
264 243
264 392
265 152
265 396
266 232
266 285
267 214
267 347
268 257
268 358
269 4
269 171
270 54
270 190
271 197
272 75
272 335
273 92
273 267
274 68
274 206
275 194
275 367
276 45
276 395
277 155
277 162
278 175
278 264
279 142
279 308
280 318
280 364
281 162
281 233
282 120
282 299
283 21
283 101
284 296
285 112
285 283
286 46
286 112
287 280
287 377
288 95
288 350
289 105
289 390
290 212
290 316
291 287
291 319
292 133
292 362
293 262
293 299
294 86
294 217
295 216
295 242
296 186
297 139
297 184
298 69
298 138
299 148
299 330
300 61
300 396
301 183
301 369
302 0
302 313
303 261
303 399
304 333
304 377
305 250
305 258
306 205
306 370
307 80
307 122
308 110
308 345
309 139
309 294
310 137
310 173
311 260
311 379
312 146
312 319
313 81
313 230
314 55
314 92
315 59
315 219
316 225
316 271
317 229
317 306
318 201
318 356
319 215
319 280
320 41
320 296
321 236
321 300
322 122
322 127
323 174
324 154
324 337
325 23
325 265
326 18
326 206
327 40
327 106
328 338
328 340
329 117
329 394
330 386
330 398
331 176
331 385
332 131
332 312
333 188
333 256
334 166
334 376
335 29
335 223
336 27
336 176
337 49
338 75
338 167
339 376
339 385
340 167
340 179
341 79
341 254
342 125
342 343
343 53
343 156
344 331
344 336
345 83
345 98
346 7
346 147
347 189
347 220
348 301
348 379
349 43
349 292
350 10
350 118
351 88
351 205
352 13
352 216
353 87
353 208
354 88
355 47
355 303
356 252
356 293
357 55
357 365
358 8
358 9
359 193
359 350
360 254
360 362
361 50
361 223
362 32
362 221
363 331
363 339
364 168
364 356
365 393
366 263
366 373
367 334
367 372
368 295
368 352
369 128
369 288
370 39
370 390
371 102
371 213
372 166
372 353
373 48
373 226
374 42
374 135
375 174
375 398
376 143
376 387
377 188
377 318
378 191
378 193
379 183
379 241
380 2
380 64
381 20
381 237
382 154
382 278
383 70
383 121
384 37
384 248
385 198
385 387
386 23
386 114
387 239
387 305
388 13
388 329
389 91
389 158
390 314
390 357
391 150
392 51
393 207
394 16
394 346
395 3
395 399
396 97
396 251
397 247
397 276
398 114
398 391
399 136
399 274

