0 84
0 157
1 62
1 307
2 95
2 222
3 160
3 285
4 16
4 238
5 270
5 370
6 31
6 151
7 50
7 174
8 128
8 365
9 91
9 123
10 176
10 179
11 104
11 378
12 261
12 363
13 44
13 192
14 139
14 167
15 165
15 180
16 226
17 70
17 241
18 211
18 345
19 361
19 377
20 11
20 76
21 69
21 147
22 152
22 316
23 20
23 54
24 78
24 374
25 30
25 317
26 95
26 143
27 14
27 84
28 74
28 140
29 175
29 245
30 82
30 274
31 234
31 305
32 333
32 352
33 291
34 50
34 308
35 118
35 389
36 101
36 300
37 17
37 159
38 181
38 287
39 160
39 161
40 52
40 303
41 12
41 287
42 73
42 338
43 327
43 335
44 232
44 359
45 250
45 291
46 281
47 53
47 122
48 173
48 233
49 146
49 375
50 379
50 393
51 225
51 376
52 328
53 21
53 171
54 76
54 139
55 100
55 136
56 22
56 353
57 71
58 29
58 326
59 118
59 360
60 247
60 394
61 83
62 102
62 366
63 132
63 395
64 23
64 201
65 258
65 268
66 63
66 236
67 43
67 367
68 28
68 85
69 35
69 159
70 198
70 230
71 284
72 47
72 240
73 38
73 41
74 197
74 306
75 25
75 326
76 60
76 378
77 28
77 296
78 373
79 47
79 184
80 268
81 200
82 233
82 399
83 218
84 107
84 167
85 74
85 257
86 216
86 247
87 209
87 239
88 45
88 246
89 193
89 214
90 51
90 294
91 68
91 77
92 125
92 154
93 27
93 297
94 130
94 269
95 5
95 178
96 189
96 209
97 109
97 220
98 166
98 216
99 0
99 341
100 129
100 321
101 188
101 375
102 117
102 135
103 72
103 79
104 110
104 298
105 55
105 252
106 116
107 98
107 343
108 12
108 112
109 195
109 292
110 72
110 391
111 71
111 229
112 261
112 356
113 114
113 185
114 133
114 398
115 148
115 337
116 128
117 37
117 249
118 276
118 336
119 108
119 161
120 42
120 348
121 353
121 381
122 21
122 314
123 77
123 358
124 223
124 273
125 153
125 385
126 351
126 386
127 64
127 158
128 208
129 3
129 256
130 59
130 349
131 6
131 354
132 156
132 387
133 134
133 156
134 262
134 292
135 44
135 249
136 321
136 323
137 180
137 265
138 119
138 244
139 60
139 86
140 306
140 345
141 99
141 227
142 272
142 397
143 178
143 264
144 52
145 3
145 39
146 57
147 35
147 59
148 279
148 293
149 131
149 320
150 202
150 339
151 32
151 305
152 8
152 116
153 18
153 212
154 151
154 385
155 49
155 101
156 262
156 357
157 107
157 215
158 23
158 297
159 241
159 389
160 203
160 213
161 112
161 213
162 164
162 174
163 155
163 224
164 66
164 329
165 105
165 350
166 142
166 169
167 86
167 98
168 100
168 182
169 386
169 397
170 93
170 227
171 130
171 147
172 229
172 315
173 80
174 329
174 393
175 48
175 371
176 58
176 75
177 149
177 355
178 10
178 270
179 58
179 187
180 105
180 380
181 163
181 303
182 129
182 145
183 149
183 312
184 53
184 254
185 97
185 398
186 322
186 361
187 29
187 191
188 111
188 172
189 89
189 235
190 81
190 191
191 175
191 200
192 302
192 359
193 259
193 347
194 121
194 295
195 124
195 260
196 90
196 300
197 141
197 255
198 138
198 348
199 114
199 236
200 371
201 20
201 383
202 19
202 234
203 221
203 251
204 142
204 275
205 177
205 214
206 90
206 282
207 66
207 199
208 219
209 89
209 205
210 39
210 119
211 127
211 243
212 211
212 352
213 251
213 356
214 347
214 355
215 343
215 370
216 126
216 169
217 125
217 358
218 16
219 279
220 195
220 304
221 384
221 388
222 5
222 215
223 280
223 281
224 49
224 364
225 277
225 315
226 388
227 0
227 27
228 2
228 341
229 24
229 284
230 138
230 210
231 87
231 96
232 70
232 278
233 65
233 80
234 332
234 377
235 193
235 331
236 132
236 133
237 255
237 346
238 221
238 226
239 205
239 263
240 122
240 382
241 120
241 198
242 2
242 26
243 93
243 158
244 41
244 108
245 48
245 82
246 250
246 334
247 126
247 318
248 164
248 207
249 17
249 232
250 40
250 144
251 206
251 384
252 136
252 362
253 137
253 267
254 94
254 171
255 99
255 228
256 4
256 285
257 197
257 237
258 266
258 362
259 123
259 217
260 56
260 273
261 36
261 196
262 194
262 290
263 177
263 183
264 10
264 283
265 302
265 380
266 61
267 192
267 265
268 266
269 349
269 368
270 176
270 299
271 148
271 219
272 317
272 319
273 22
273 280
274 165
274 399
275 25
275 272
276 42
276 311
277 340
278 230
278 288
279 33
280 106
280 152
281 106
282 51
282 344
283 179
283 372
284 374
285 203
285 238
286 43
286 395
287 163
287 363
288 145
288 210
289 182
289 288
290 56
290 121
291 144
292 260
292 290
293 33
293 45
294 172
294 225
295 254
295 381
296 18
296 140
297 14
297 54
298 1
298 391
299 75
299 275
300 188
300 294
301 4
301 218
302 168
302 289
303 224
303 328
304 124
304 396
305 332
305 333
306 141
306 170
307 102
307 382
308 201
308 379
309 79
309 342
310 207
310 325
311 246
311 338
312 131
312 324
313 64
313 308
314 37
314 69
315 24
315 340
316 8
316 330
317 15
317 274
318 62
318 351
319 15
319 137
320 6
320 154
321 256
321 301
322 248
322 310
323 83
323 301
324 150
324 354
325 113
325 199
326 30
326 245
327 103
327 110
328 364
329 63
329 286
330 365
330 368
331 9
331 259
332 7
332 34
333 34
333 313
334 40
334 181
335 103
335 309
336 88
336 311
337 88
337 293
338 38
338 334
339 19
339 186
340 78
341 157
341 222
342 184
342 295
343 166
343 204
344 376
345 170
345 243
346 228
346 242
347 92
347 217
348 73
348 244
349 115
349 360
350 252
350 258
351 366
351 369
352 127
352 313
353 316
353 392
354 31
354 202
355 92
355 320
356 196
356 206
357 194
357 342
358 153
358 296
359 278
359 289
360 336
360 337
361 162
361 248
362 61
362 323
363 36
363 155
364 146
365 208
365 271
366 13
366 135
367 104
367 327
368 115
368 271
369 13
369 267
370 204
370 299
371 173
372 187
372 190
374 373
375 57
375 111
376 277
377 7
377 162
378 298
378 394
379 67
379 383
380 55
380 168
381 94
381 392
382 117
382 314
383 11
383 367
384 282
384 390
385 32
385 212
386 253
386 369
387 309
387 357
388 390
389 120
389 276
390 344
391 240
391 307
392 269
392 330
393 67
393 286
394 1
394 318
395 335
395 387
396 46
396 223
397 253
397 319
398 109
398 134
399 65
399 350

