0 474
0 518
1 243
1 540
2 257
2 790
3 156
3 892
4 168
4 494
5 126
5 152
6 276
6 531
7 581
7 669
8 454
8 898
9 286
10 214
10 830
11 97
11 163
12 631
12 639
13 15
13 801
14 422
14 760
15 319
15 331
16 333
16 439
17 709
17 761
18 38
18 642
19 30
19 487
20 140
20 625
21 68
21 467
22 565
22 842
23 3
23 594
24 52
24 485
25 714
25 815
26 228
26 811
27 210
27 441
28 470
28 784
29 187
30 77
30 175
31 165
31 759
32 85
32 466
33 162
33 201
34 63
34 849
35 136
36 430
37 330
37 372
38 229
38 795
39 700
40 673
40 844
41 377
41 646
42 435
42 701
43 602
43 871
44 112
44 387
45 874
45 877
46 368
46 560
47 566
47 671
48 436
48 447
49 675
50 257
50 479
51 560
51 590
52 644
52 864
53 88
53 831
54 81
54 793
55 6
55 327
56 96
56 359
57 814
58 329
59 74
59 867
60 705
60 751
61 280
61 891
62 137
62 301
63 66
63 502
64 622
64 656
65 511
65 569
66 100
66 324
67 158
67 292
68 281
68 621
69 411
69 890
70 588
70 711
71 268
71 663
72 554
72 768
73 101
74 220
74 775
75 543
75 847
76 91
76 609
77 597
77 852
78 301
78 550
79 262
79 370
80 179
80 717
81 122
81 412
82 181
82 363
83 269
83 557
84 94
84 347
85 31
85 818
86 630
87 589
88 54
88 544
89 145
89 787
90 22
90 292
91 143
91 528
92 154
92 420
93 307
93 715
94 508
94 637
95 67
95 90
96 4
96 532
97 238
97 451
98 206
98 542
99 43
99 893
100 618
100 696
101 541
102 59
102 666
103 25
103 515
104 76
104 656
105 295
105 888
106 229
106 240
107 85
107 820
108 259
108 396
109 446
109 521
110 263
110 482
111 82
111 414
112 697
113 233
113 546
114 73
115 130
115 453
116 557
116 694
117 128
117 777
118 397
118 612
119 213
119 542
120 208
120 215
121 206
121 339
122 280
122 781
123 35
124 419
124 524
125 218
125 691
126 658
126 699
127 78
127 457
128 195
128 309
129 139
129 253
130 52
130 284
131 171
131 695
132 230
132 647
133 445
133 784
134 520
134 654
135 147
135 851
136 213
137 491
138 212
138 444
139 7
139 318
140 303
140 311
141 553
141 827
142 539
142 540
143 334
143 733
144 317
144 627
145 361
145 535
146 230
146 376
147 643
147 708
148 224
148 855
149 57
150 536
150 765
151 9
151 204
152 0
152 658
153 325
153 332
154 37
154 726
155 60
155 724
156 460
156 575
157 44
157 876
158 19
158 208
159 354
159 456
160 12
160 608
161 12
161 267
162 153
162 753
163 117
163 238
164 271
164 432
165 413
165 683
166 148
166 766
167 556
167 811
168 104
168 493
169 152
169 399
170 60
170 662
171 109
171 302
172 13
172 613
173 331
173 449
174 668
174 778
175 597
175 655
176 161
176 186
177 232
177 364
178 704
178 816
179 275
179 514
180 245
180 802
181 108
181 595
182 180
182 530
183 358
183 801
184 138
184 891
185 434
185 586
186 267
186 377
187 9
188 403
188 414
189 444
189 586
190 559
190 582
191 580
191 868
192 270
192 717
193 87
194 326
194 679
195 472
195 754
196 381
196 484
197 776
197 805
198 453
198 796
199 350
199 807
200 217
200 370
201 562
201 753
202 23
202 536
203 75
203 559
204 286
204 307
205 426
205 741
206 688
206 798
207 384
207 423
208 273
208 487
209 651
209 771
210 324
210 428
211 199
211 356
212 398
212 431
213 734
214 27
214 826
215 273
215 797
216 841
216 869
217 332
217 763
218 545
218 833
219 460
219 773
220 72
220 418
221 115
221 604
222 59
222 569
223 125
223 513
224 221
224 380
225 493
225 593
226 157
226 732
227 313
227 490
228 374
228 748
229 116
229 880
230 285
230 735
231 447
231 516
232 458
232 879
233 199
233 483
234 140
234 364
235 481
236 372
236 799
237 79
237 608
238 617
238 777
239 190
239 203
240 83
240 116
241 200
241 791
242 322
242 720
243 115
243 198
244 600
244 836
245 384
245 718
246 388
246 804
247 255
247 605
248 495
248 640
249 351
249 652
250 215
250 406
251 98
251 119
252 664
252 834
253 7
253 738
254 83
254 713
255 32
255 873
256 105
256 750
257 499
257 576
258 288
258 477
259 80
259 192
260 169
260 371
261 20
261 349
262 345
262 367
263 383
263 675
264 117
264 884
265 155
265 503
266 282
266 498
267 353
267 639
268 231
268 863
269 357
269 425
270 337
270 739
271 110
271 657
272 382
272 809
273 352
273 889
274 362
274 566
275 424
275 774
276 25
276 667
277 607
277 729
278 433
278 579
279 228
279 541
280 782
280 885
281 823
282 201
282 583
283 134
283 570
284 111
284 644
285 196
285 430
286 39
287 524
287 680
288 178
288 547
289 93
289 558
290 387
290 402
291 299
291 470
292 19
292 842
293 620
293 850
294 8
294 565
295 151
295 878
296 512
296 711
297 294
297 504
298 148
298 786
299 480
299 895
300 261
300 634
301 491
301 767
302 293
302 446
303 473
303 757
304 442
304 621
305 744
305 882
306 507
306 899
307 39
307 496
308 221
308 243
309 274
309 472
310 172
310 844
311 473
311 598
312 415
312 553
313 677
313 772
314 378
314 786
315 400
315 410
316 876
317 394
317 853
318 489
318 669
319 277
319 360
320 166
320 298
321 606
321 649
322 366
322 579
323 290
323 773
324 254
324 696
325 96
325 681
326 404
326 563
327 394
327 531
328 420
329 316
330 534
331 360
331 840
332 51
332 681
333 244
333 426
334 375
334 749
335 35
335 585
336 69
336 780
337 379
337 424
338 68
338 304
339 798
339 862
340 407
340 762
341 102
341 222
342 125
342 592
343 463
343 846
344 614
344 892
345 46
345 389
346 124
346 287
347 464
347 637
348 437
348 546
349 625
349 729
350 629
350 703
351 369
351 521
352 58
353 118
353 789
354 121
354 545
355 107
355 803
356 523
356 807
357 144
357 698
358 261
358 522
359 385
359 532
360 242
360 607
361 87
361 572
362 134
362 737
363 108
363 886
364 303
364 458
365 433
365 598
366 33
366 745
367 389
367 401
368 65
368 222
369 55
369 824
370 345
370 763
371 399
371 629
372 505
372 534
373 323
373 732
374 678
375 480
375 689
376 526
376 735
377 353
377 659
378 1
378 308
379 272
379 752
380 604
380 783
381 49
381 263
382 251
382 456
383 436
383 452
384 619
384 779
385 225
385 884
386 86
386 648
387 50
387 697
388 167
388 627
389 341
389 368
390 268
390 642
391 246
391 825
392 27
392 849
393 660
393 799
394 623
394 731
395 165
395 846
396 80
396 544
397 315
397 564
398 42
398 495
399 0
399 800
400 355
400 666
401 341
401 564
402 2
402 50
403 672
403 704
404 70
404 296
405 298
405 314
406 797
407 28
407 291
408 850
408 865
409 304
409 614
410 355
410 605
411 574
411 692
412 488
412 781
413 561
413 596
414 181
414 672
415 519
415 720
416 568
416 874
417 144
417 388
418 133
418 768
419 14
419 828
420 726
421 77
421 857
422 89
422 626
423 306
423 619
424 636
424 752
425 55
425 698
426 600
426 755
427 423
427 771
428 240
428 254
429 459
429 788
430 484
431 42
431 805
432 71
432 657
433 241
433 461
434 502
434 685
435 695
435 740
436 486
436 674
437 260
437 552
438 211
438 233
439 244
439 573
440 247
440 410
441 106
441 428
442 750
442 785
443 829
443 830
444 197
444 431
445 10
445 443
446 17
446 620
447 429
447 486
448 363
448 877
449 312
449 840
450 62
450 78
451 416
451 617
452 674
453 284
453 896
454 150
454 202
455 467
456 98
456 121
457 252
457 550
458 176
458 757
459 702
459 712
460 538
460 706
461 79
461 200
462 171
462 603
463 132
463 146
464 498
464 587
465 730
465 806
466 31
466 395
467 281
468 340
468 775
469 1
469 142
470 821
470 895
471 151
471 187
472 283
472 362
473 160
473 237
474 170
474 869
475 41
475 186
476 239
476 862
477 178
477 403
478 653
478 664
479 499
480 34
480 710
482 48
482 383
483 350
483 371
484 49
485 537
485 864
486 114
486 788
487 175
487 889
488 223
488 342
489 500
489 741
490 11
490 772
491 455
492 462
492 618
493 76
493 838
494 64
494 104
495 701
495 747
496 648
496 700
497 174
497 832
498 583
498 858
499 870
500 211
500 721
501 145
501 551
502 100
502 492
503 611
503 724
504 8
504 515
505 123
505 335
506 397
506 401
507 393
507 739
508 336
508 746
509 37
509 236
510 113
510 348
511 468
511 622
512 318
512 794
513 218
513 354
514 488
514 774
515 454
515 714
516 429
516 624
517 288
517 894
518 155
518 170
519 266
519 723
520 525
520 665
521 17
521 824
522 277
522 349
523 650
523 837
524 758
524 828
525 138
525 189
526 271
526 533
527 57
527 847
528 334
528 570
529 23
529 861
530 207
530 245
531 667
531 731
532 168
532 225
533 110
533 381
534 123
535 132
535 572
536 594
536 859
537 45
537 416
538 716
538 888
539 191
539 707
540 198
540 707
541 374
542 688
542 734
543 120
543 250
544 179
544 793
545 339
545 476
546 260
546 483
547 530
547 816
548 503
548 722
549 157
549 316
550 767
550 834
551 193
551 361
552 5
552 169
553 519
553 725
554 135
554 577
555 293
555 408
556 127
556 450
557 357
557 417
558 715
558 764
559 543
559 676
560 65
560 633
561 164
561 643
562 56
562 792
563 296
563 728
564 102
564 400
565 421
565 898
566 682
566 737
567 92
567 328
568 47
568 615
569 74
569 468
570 520
570 749
571 746
571 766
572 589
572 647
573 836
573 866
574 11
574 684
575 105
575 538
576 764
576 870
577 443
577 851
578 451
578 537
579 241
579 745
580 258
580 517
581 113
581 438
582 67
582 676
583 562
583 881
584 172
584 601
585 119
585 136
586 197
586 685
587 780
587 858
588 16
588 599
589 36
590 494
590 633
591 634
591 690
592 640
592 691
593 195
593 838
594 156
594 219
595 259
595 651
596 164
596 526
597 226
597 549
598 237
598 461
599 205
599 333
600 310
600 584
601 613
601 650
602 95
602 865
603 109
603 351
604 24
604 130
605 32
605 107
606 300
606 358
607 278
607 322
608 262
608 631
609 143
609 845
610 38
610 106
611 320
611 405
612 315
612 440
613 15
613 173
614 256
614 442
615 671
615 831
616 653
616 861
617 568
617 810
618 249
618 603
619 509
619 899
620 297
620 709
621 785
621 823
622 340
622 860
623 457
623 822
624 459
624 825
625 311
625 365
626 343
626 787
627 556
627 853
628 18
628 610
629 670
629 800
630 481
631 367
631 506
632 478
632 616
633 64
633 511
634 20
634 234
635 343
635 395
636 159
636 513
637 336
637 587
638 149
638 527
639 118
639 506
640 305
640 747
641 61
641 122
642 795
642 863
643 432
643 856
644 82
644 448
645 391
645 624
646 497
646 659
647 36
647 285
648 235
648 630
649 300
649 591
650 173
650 813
651 192
651 808
652 369
652 425
653 344
653 409
654 184
654 525
655 329
655 549
656 609
656 860
657 482
657 663
658 265
658 518
659 174
659 789
660 272
660 770
661 188
661 477
662 94
662 705
663 48
663 231
664 338
664 409
665 185
665 189
666 803
666 867
667 632
667 815
668 287
668 854
669 438
669 500
670 216
670 806
671 682
671 736
672 209
672 595
673 183
673 606
674 114
675 452
676 120
676 158
677 264
677 385
678 137
679 563
679 848
680 255
680 758
681 4
681 590
682 641
682 727
683 376
683 596
684 97
684 578
685 492
685 776
686 314
686 835
687 86
688 638
688 719
689 185
689 710
690 177
690 234
691 305
691 833
692 684
692 819
693 22
693 294
694 246
694 417
695 302
695 555
696 249
696 713
697 479
698 317
698 327
699 265
699 548
700 235
701 99
701 740
702 101
702 279
703 465
703 670
704 209
704 427
705 508
705 571
706 2
706 716
707 796
707 868
708 743
708 856
709 103
709 504
710 63
710 434
711 599
711 794
712 26
712 279
713 269
713 652
714 202
714 529
715 386
715 496
716 289
716 790
717 275
717 337
718 92
718 779
719 149
720 366
720 723
721 356
721 839
722 611
722 872
723 33
723 282
724 320
724 751
725 266
725 464
726 330
727 61
727 184
728 139
728 512
729 278
729 365
730 141
730 312
731 632
731 822
732 44
732 290
733 299
733 375
734 719
735 196
735 533
736 81
736 641
737 654
737 727
738 510
738 581
739 379
739 660
740 555
740 893
741 721
741 755
742 135
742 756
743 18
743 390
744 239
744 812
745 162
745 791
746 69
746 883
747 99
747 882
748 62
748 678
749 665
749 689
750 295
750 471
751 166
751 571
752 159
752 382
753 56
753 325
754 283
754 528
755 584
755 839
756 147
756 561
757 160
757 161
758 817
758 873
759 413
759 756
760 89
760 501
761 103
761 276
762 28
762 133
763 46
763 51
764 386
764 687
765 373
765 859
766 855
766 883
767 21
767 455
768 445
768 577
769 554
769 742
770 335
770 809
771 306
771 808
772 163
772 264
773 402
773 706
774 223
774 636
775 418
775 762
776 131
776 462
777 309
777 810
778 440
778 854
779 154
779 509
780 227
780 890
781 342
781 885
782 248
782 398
783 24
783 819
784 10
784 821
785 29
785 471
786 224
786 308
787 463
787 535
788 73
788 702
789 612
789 778
790 558
790 576
791 153
791 217
792 359
792 677
793 412
793 514
794 205
794 489
795 645
795 880
796 661
796 896
797 352
798 638
798 843
799 505
799 770
800 216
800 474
801 319
801 522
802 567
802 718
803 820
803 897
804 26
804 167
805 131
805 435
806 141
806 841
807 703
807 837
808 270
808 507
809 251
809 585
810 47
810 274
811 450
811 748
812 190
812 871
813 449
813 730
814 406
815 529
815 616
816 207
816 427
817 626
817 635
818 742
818 759
819 485
819 578
820 769
820 818
821 214
821 392
822 252
822 478
823 29
824 6
824 761
825 712
825 804
826 441
826 610
827 347
827 725
828 422
828 817
829 628
829 743
830 628
830 826
831 54
831 736
832 346
832 668
833 476
833 744
834 21
834 338
835 378
835 469
836 40
836 310
837 465
837 813
838 91
838 754
839 523
839 601
840 242
840 415
841 84
841 827
842 30
842 421
843 75
843 527
844 13
844 183
845 291
845 733
846 146
846 683
847 250
847 814
848 129
848 728
849 66
849 210
850 297
850 693
851 708
851 829
852 226
852 373
853 127
853 623
854 247
854 680
855 380
855 887
856 71
856 390
857 765
857 852
858 227
858 881
859 219
859 323
860 407
860 845
861 3
861 344
862 203
862 843
863 516
863 645
864 45
864 448
865 90
865 693
866 40
866 875
867 220
867 897
868 258
868 661
869 84
869 662
870 687
871 95
871 582
872 405
872 686
873 466
873 635
874 53
874 615
875 321
875 673
876 112
877 53
877 886
878 93
878 204
879 176
879 475
880 391
880 694
881 313
881 792
882 43
882 812
883 411
883 887
884 128
884 593
885 248
885 592
886 88
886 396
887 692
887 783
888 289
888 878
889 58
889 655
890 490
890 574
891 212
891 782
892 256
892 575
893 408
893 602
894 182
894 547
895 34
895 392
896 111
896 188
897 72
897 769
898 150
898 857
899 236
899 393

