0 579
0 726
1 164
1 685
2 574
2 660
3 347
3 623
4 10
4 394
5 76
5 881
6 420
6 450
7 332
7 798
8 83
8 686
9 425
9 878
10 391
10 560
11 442
11 451
12 580
13 158
13 631
14 368
15 486
15 817
16 401
16 452
17 487
17 492
18 108
18 169
19 22
19 293
20 581
20 857
21 177
21 748
22 245
22 539
23 500
23 652
24 34
24 168
25 23
25 82
26 358
26 716
27 48
27 510
28 700
28 804
29 50
29 363
30 71
30 388
31 130
31 269
32 697
32 738
33 301
33 550
34 92
34 577
35 493
35 659
36 233
36 885
37 13
37 489
38 648
38 750
39 24
39 676
40 701
40 879
41 359
41 499
42 175
42 832
43 421
43 509
44 51
44 483
45 402
45 851
46 203
46 871
47 65
47 870
48 336
48 340
49 545
50 72
50 244
51 356
51 854
52 295
52 703
53 362
53 573
54 87
54 142
55 567
55 669
56 275
56 296
57 845
58 660
58 670
59 140
59 336
60 197
60 775
61 233
61 867
62 313
62 767
63 166
63 337
64 65
64 825
65 217
65 227
66 113
66 528
67 487
67 609
68 794
68 856
69 869
69 886
70 308
70 642
71 141
72 430
72 620
73 459
73 833
74 612
74 757
75 662
76 209
76 390
77 378
77 399
78 146
78 464
79 674
79 874
80 153
80 326
81 344
81 718
82 652
82 692
83 99
83 228
84 117
84 205
85 54
85 271
86 203
87 119
87 251
88 96
88 287
89 680
89 880
90 636
91 127
91 319
92 443
92 448
93 589
93 689
94 489
94 620
95 288
95 548
96 268
96 765
97 91
97 840
98 54
98 494
99 357
99 830
100 120
100 722
101 259
101 480
102 85
102 858
103 126
103 878
104 693
104 775
105 28
105 337
106 410
106 555
107 394
107 868
108 524
108 787
109 435
109 717
110 176
110 190
111 52
111 768
112 596
112 811
113 283
113 553
114 139
114 211
115 266
115 427
116 47
116 64
117 75
117 732
118 728
118 736
119 77
119 367
120 74
120 178
121 226
121 824
122 56
122 786
123 220
123 528
124 50
124 714
125 520
125 681
126 526
126 754
127 252
127 404
128 745
128 884
129 391
129 753
130 83
130 712
131 270
131 383
132 61
132 189
133 455
133 689
134 290
134 575
135 200
135 869
136 396
136 570
137 2
137 718
138 78
138 694
139 263
139 797
140 405
140 476
141 327
142 119
142 508
143 70
143 751
144 583
144 629
145 380
145 490
146 246
146 604
147 7
147 230
148 439
148 802
149 62
149 186
150 186
150 873
151 145
151 362
152 305
152 440
153 454
153 710
154 223
154 756
155 495
155 655
156 184
156 722
157 272
157 549
158 235
158 772
159 68
159 444
160 17
160 172
161 317
161 735
162 57
163 267
163 276
164 375
164 551
165 403
165 833
166 204
166 656
167 265
168 503
168 577
169 390
169 787
170 240
170 469
171 35
171 482
172 320
172 492
173 477
173 639
174 49
175 350
175 563
176 214
176 834
177 511
177 537
178 12
178 612
179 513
179 875
180 683
180 771
181 591
181 711
182 46
182 86
183 608
183 618
184 232
184 249
185 136
185 286
186 767
186 865
187 542
187 838
188 89
188 533
189 177
189 867
190 214
190 253
191 485
191 789
192 376
192 770
193 111
193 669
194 404
194 447
195 201
195 573
196 520
196 657
197 173
197 786
198 174
198 457
199 758
199 828
200 555
200 742
201 269
201 354
202 60
202 395
203 892
204 164
204 876
205 471
205 732
206 81
206 137
207 507
207 556
208 138
208 711
209 315
209 331
210 762
210 828
211 263
211 564
212 667
212 709
213 251
213 864
214 436
214 773
215 641
215 875
216 653
216 706
217 247
218 26
218 485
219 110
219 290
220 721
220 784
221 539
221 816
222 475
222 894
223 5
223 540
224 207
224 831
225 567
225 799
226 32
226 649
227 247
227 443
228 357
228 587
229 668
229 701
230 332
230 518
231 145
231 295
232 408
232 757
233 429
233 638
234 478
234 571
235 3
235 514
236 105
236 270
237 398
237 579
238 192
238 777
239 870
240 98
240 599
241 159
241 830
242 351
243 461
243 467
244 361
244 430
245 43
245 516
246 165
246 322
247 665
248 8
248 820
249 343
249 408
250 324
250 635
251 367
251 595
252 198
252 325
253 379
253 773
254 14
254 738
255 372
255 749
256 282
256 288
257 255
257 788
258 461
258 731
259 132
259 445
260 383
260 533
261 264
261 815
262 161
262 302
263 562
263 835
264 116
264 792
265 242
266 675
266 836
267 109
267 346
268 478
268 715
269 628
269 712
270 28
270 590
271 87
271 213
272 365
272 733
273 603
273 751
274 171
274 896
275 374
275 899
276 109
276 842
277 183
277 304
278 45
278 645
279 40
279 843
280 171
280 829
281 246
281 314
282 581
282 813
283 441
283 532
284 205
284 707
285 600
285 606
286 385
286 570
287 234
287 268
288 643
288 813
289 348
289 584
290 176
290 463
291 279
291 626
292 243
292 258
293 245
293 498
294 182
294 373
295 114
295 490
296 133
296 899
297 63
297 105
298 46
298 335
299 104
299 407
300 15
300 313
301 437
302 180
302 735
303 657
303 874
304 234
304 608
305 79
305 557
306 0
306 237
307 45
307 861
308 625
308 630
309 704
309 788
310 118
310 468
311 428
311 506
312 128
312 496
313 505
313 817
314 322
314 411
315 724
315 725
316 342
316 811
317 220
317 646
318 779
318 857
319 252
319 568
320 238
320 654
321 262
321 681
322 403
322 741
323 34
323 825
324 48
324 59
325 370
325 457
326 215
326 454
327 12
328 452
328 460
329 212
329 433
330 148
330 819
331 122
331 724
332 713
332 778
333 58
333 351
334 162
334 523
335 633
335 871
336 278
336 476
337 656
337 804
338 208
338 748
339 661
339 852
340 278
340 307
341 285
341 384
342 156
342 504
343 529
343 664
344 118
344 349
345 21
345 338
346 206
346 717
347 491
347 888
348 185
348 397
349 115
349 736
350 199
350 210
351 670
352 132
352 860
353 727
354 628
354 780
355 110
355 415
356 9
356 103
357 66
357 123
358 134
358 219
359 849
360 651
360 818
361 128
361 586
362 380
362 502
363 72
363 94
364 347
364 891
365 19
365 400
366 250
366 827
367 399
367 796
368 409
369 301
370 719
370 783
371 230
371 687
372 25
372 519
373 86
374 535
374 760
375 125
375 196
376 223
376 566
377 611
377 627
378 6
378 527
379 671
379 754
380 426
380 615
381 493
381 602
382 334
382 790
383 536
383 590
384 389
384 600
385 503
385 734
386 434
386 793
387 279
387 723
388 141
388 552
389 27
389 744
390 315
390 632
391 592
391 781
392 63
392 755
393 152
393 685
394 306
394 560
395 122
395 197
396 147
396 371
397 286
397 676
398 782
398 837
399 527
399 806
400 22
400 221
401 167
402 30
402 761
403 144
403 650
404 198
404 839
405 312
405 361
406 158
406 517
407 211
407 693
408 529
408 605
409 373
410 750
410 791
411 741
411 759
412 38
412 410
413 180
413 872
414 36
414 737
415 190
415 898
416 847
417 294
417 409
418 149
418 150
419 414
419 860
420 326
420 673
421 450
421 610
422 793
422 820
423 155
423 499
424 82
424 664
425 310
425 585
426 191
426 218
427 675
427 847
428 95
428 256
429 432
429 691
430 316
430 586
431 8
431 130
432 281
432 594
433 289
433 709
434 125
434 321
435 333
435 740
436 170
436 802
437 239
438 474
438 568
439 102
439 762
440 79
440 303
441 37
441 895
442 601
443 665
443 699
444 113
444 856
445 21
445 189
446 262
446 863
447 839
448 291
448 699
449 677
449 792
450 673
450 708
451 601
451 894
452 167
452 785
453 456
453 891
454 484
454 641
455 187
455 576
456 213
456 801
457 49
457 783
458 475
459 143
459 729
460 785
460 842
461 859
461 866
462 136
462 743
463 330
463 834
464 561
464 604
465 181
465 208
466 60
466 104
467 543
467 859
468 534
468 728
469 85
469 98
470 893
471 127
471 194
472 41
472 640
473 680
473 882
474 613
474 705
475 353
476 312
476 645
477 374
477 488
478 163
478 746
479 146
479 281
480 345
480 445
481 117
481 893
482 149
482 659
483 854
483 898
484 538
484 687
485 678
485 716
486 135
486 653
487 4
487 107
488 44
488 535
489 112
489 631
490 139
490 615
491 519
491 531
492 107
492 654
493 300
493 530
494 142
494 850
495 222
495 458
496 745
496 761
497 42
497 627
498 516
498 800
499 495
499 849
500 584
500 720
501 20
501 282
502 426
502 780
503 512
503 766
504 184
504 704
505 69
505 609
506 256
506 501
507 101
507 852
508 77
508 816
509 298
509 610
510 340
510 790
511 432
511 479
512 291
512 387
513 84
513 481
514 255
514 623
515 462
515 565
516 509
516 808
517 235
517 758
518 713
518 840
519 23
519 752
520 413
520 889
521 795
522 274
522 280
523 57
523 861
524 658
524 887
525 31
525 431
526 157
526 774
527 80
527 420
528 283
528 721
529 261
529 826
530 15
530 759
531 433
531 752
532 832
532 895
533 536
533 880
534 121
534 559
535 51
535 730
536 525
536 546
537 78
537 479
538 97
538 707
539 43
539 739
540 76
540 169
541 416
542 647
542 764
543 506
543 823
544 242
544 333
545 442
546 248
546 431
547 185
547 462
548 643
548 809
549 365
549 559
550 437
550 578
551 196
551 303
552 178
552 327
553 42
553 532
554 292
554 883
555 597
555 791
556 101
556 822
557 341
557 674
558 44
558 572
559 19
559 824
560 237
560 781
561 73
561 731
562 616
562 617
563 199
563 517
564 562
564 807
565 153
565 743
566 5
566 726
567 151
567 231
568 325
568 705
569 467
569 682
570 147
570 734
571 163
571 589
572 415
572 483
573 354
573 502
574 115
574 846
575 463
575 611
576 542
576 814
577 448
577 512
578 47
578 239
579 607
579 782
580 369
581 131
581 236
582 690
583 412
583 897
584 39
584 397
585 468
585 774
586 342
586 884
587 123
587 317
588 31
588 201
589 267
589 672
590 546
590 700
591 554
591 696
592 111
592 877
593 389
593 827
594 314
594 602
595 667
595 796
596 257
596 309
597 55
597 193
598 343
598 424
599 494
599 733
600 744
600 776
601 621
602 411
602 530
603 20
603 318
604 73
604 165
605 33
605 826
606 776
606 862
607 202
607 644
608 93
608 571
609 4
609 886
610 335
610 708
611 330
611 841
612 580
612 805
613 423
613 619
614 377
614 575
615 218
615 797
616 355
616 572
617 219
617 355
618 93
618 133
619 155
619 719
620 112
620 316
621 727
622 360
622 755
623 372
623 491
624 37
624 94
625 188
625 803
626 690
626 843
627 175
627 841
628 241
628 634
629 308
629 897
630 648
630 803
631 596
631 772
632 277
632 725
633 513
633 747
634 159
634 789
635 59
635 679
636 162
637 16
637 328
638 691
638 896
639 488
639 558
640 359
641 284
641 538
642 625
642 779
643 297
643 392
644 331
644 395
645 402
645 496
646 29
646 784
647 425
647 663
648 473
648 702
649 498
649 697
650 583
650 706
651 1
651 393
652 449
652 720
653 106
653 200
654 192
654 868
655 222
655 451
656 386
656 876
657 366
657 889
658 277
658 821
659 62
659 300
660 541
660 846
661 352
661 419
662 447
663 310
663 344
664 261
664 692
665 582
666 226
666 836
667 515
667 547
668 613
668 684
669 52
669 231
670 541
671 240
671 763
672 346
672 814
673 179
673 215
674 384
674 593
675 254
675 855
676 168
676 385
677 24
677 323
678 614
678 794
679 140
679 714
680 195
680 588
681 302
681 413
682 311
682 543
683 124
683 679
684 41
684 423
685 440
685 551
686 228
686 863
687 97
687 518
688 71
689 576
689 672
690 521
691 381
691 594
692 264
692 449
693 564
693 695
694 464
694 698
695 639
695 807
696 292
696 698
697 417
697 800
698 258
698 561
699 582
699 626
700 248
700 422
701 472
701 684
702 799
702 882
703 114
703 407
704 249
704 598
705 370
705 619
706 106
706 412
707 91
707 471
708 179
708 633
709 348
709 547
710 371
710 484
711 694
711 696
712 99
712 241
713 438
713 810
714 244
714 405
715 328
715 746
716 134
716 614
717 137
717 740
718 349
718 574
719 11
719 655
720 39
720 677
721 441
721 624
722 74
722 232
723 40
723 229
724 56
724 844
725 183
725 844
726 607
726 881
728 121
728 666
729 70
729 629
730 356
730 838
731 459
731 866
732 194
732 662
733 400
733 850
734 7
734 766
735 646
735 771
736 266
736 666
737 522
737 885
738 368
738 417
739 6
739 421
740 2
740 58
741 216
741 650
742 597
742 753
743 396
743 710
744 382
744 510
745 100
745 890
746 276
746 460
747 470
747 481
748 138
748 537
749 25
749 424
750 225
750 702
751 318
751 642
752 289
752 500
753 193
753 592
754 157
754 763
755 166
755 818
756 18
756 540
757 605
757 805
758 3
758 364
759 216
759 486
760 187
760 730
761 388
761 890
762 453
762 858
763 272
763 599
764 81
764 663
765 637
765 715
766 387
766 798
767 67
767 505
768 299
768 703
769 345
769 812
770 0
770 566
771 29
771 124
772 257
772 514
773 170
773 671
774 534
774 549
775 173
775 695
776 382
776 853
777 154
777 376
778 229
778 810
779 188
779 260
780 191
780 634
781 398
781 877
782 202
782 466
783 11
783 545
784 363
784 624
785 265
785 544
786 275
786 477
787 632
787 658
788 598
788 749
789 68
789 678
790 307
790 523
791 55
791 225
792 64
792 323
793 321
793 446
794 377
794 497
795 640
796 515
796 806
797 26
797 835
798 723
798 778
799 53
799 151
800 294
800 808
801 329
801 864
802 102
802 469
803 89
803 473
804 386
804 422
805 33
805 369
806 80
806 565
807 558
807 616
808 182
808 298
809 392
809 622
810 474
810 668
811 309
811 504
812 338
812 465
813 236
813 297
814 206
814 764
815 116
815 578
816 378
816 739
817 69
817 135
818 1
818 204
819 210
819 439
820 446
820 686
821 287
821 304
822 480
822 769
823 501
823 603
824 293
824 649
825 92
825 227
826 550
826 815
827 27
827 324
828 364
828 453
829 418
829 482
830 66
830 444
831 339
831 507
832 406
832 563
833 144
833 729
834 148
834 436
835 358
835 617
836 32
836 254
837 299
837 466
838 9
838 647
839 174
840 319
840 438
841 350
841 819
842 435
842 544
843 521
843 879
844 296
844 618
845 688
846 416
846 427
847 855
848 126
848 379
849 458
850 221
850 508
851 30
851 688
852 259
852 352
853 334
853 636
854 103
854 848
855 14
856 497
856 553
857 131
857 260
858 271
858 456
859 273
859 823
860 36
860 61
861 845
861 851
862 90
862 853
863 161
863 587
864 212
864 595
865 17
865 67
866 143
866 273
867 429
867 511
868 306
868 770
869 129
869 742
870 217
871 747
871 892
872 635
872 683
873 160
873 865
874 366
874 593
875 84
875 284
876 375
876 434
877 768
877 837
878 526
878 585
879 472
879 795
880 525
880 588
881 209
881 644
882 53
882 195
883 243
883 569
884 100
884 156
885 274
885 638
886 10
886 129
887 88
887 821
888 329
888 531
889 250
889 872
890 120
890 552
891 801
891 888
892 470
893 75
894 353
894 621
895 13
895 406
896 35
896 381
897 38
897 630
898 253
898 848
899 455
899 760

