0 906
0 1044
1 633
1 1393
2 52
2 1068
3 264
3 779
4 655
4 736
5 263
5 607
6 155
6 208
7 841
7 1081
8 242
8 303
9 1187
10 1003
10 1476
11 77
11 1450
12 53
12 213
13 144
13 376
14 1087
14 1103
15 136
15 694
16 1354
17 41
17 1150
18 31
18 381
19 1276
19 1478
20 46
20 1088
21 578
21 1308
22 1429
22 1461
23 368
23 1280
24 858
24 1101
25 536
25 571
26 369
26 1437
27 470
27 1178
28 311
28 914
29 72
29 1205
30 604
30 671
31 174
31 1249
32 845
32 1367
33 5
33 970
34 738
34 1350
35 116
35 306
36 622
36 818
37 198
37 961
38 787
38 1260
39 762
40 333
40 632
41 946
41 1029
42 210
42 1339
43 96
43 323
44 806
44 1551
45 1107
45 1243
46 734
46 1511
47 1094
47 1111
48 431
48 1465
49 693
49 990
50 497
50 714
51 1040
51 1074
52 419
52 950
53 254
53 697
54 677
54 1596
55 465
55 964
56 364
56 1271
57 932
57 1568
58 1343
58 1386
59 650
59 968
60 1233
60 1340
61 526
61 1302
62 1163
63 817
63 1584
64 1106
65 562
65 703
66 748
66 1246
67 216
68 942
68 1164
69 183
69 375
70 7
70 998
71 1202
71 1336
72 560
72 1535
73 736
73 1474
74 15
74 899
75 867
75 1337
76 421
76 1055
77 586
77 724
78 981
78 1230
79 106
79 458
80 338
80 728
81 246
81 1338
82 17
82 277
83 808
83 1461
84 995
84 1499
85 308
85 533
86 1361
86 1483
87 807
87 1575
88 935
88 1147
89 537
89 974
90 473
90 1482
91 1172
91 1298
92 1039
92 1097
93 621
93 1214
94 247
94 952
95 245
95 941
96 437
96 1118
97 115
97 708
98 285
98 1548
99 40
99 1116
100 984
100 1076
101 127
101 716
102 121
102 1301
103 983
103 1532
104 263
104 1363
105 390
105 978
106 341
106 783
107 77
107 857
108 143
108 1015
109 1
109 649
110 483
110 695
111 847
111 1200
112 537
112 1495
113 229
113 1314
114 231
114 1310
115 348
115 1547
116 1384
116 1569
117 448
117 849
118 63
118 653
119 915
119 1018
120 815
120 1162
121 100
121 479
122 1216
122 1372
123 701
123 1400
124 1283
124 1347
125 557
125 1398
126 249
126 420
127 725
127 1534
128 39
129 333
129 1336
130 343
130 1131
131 1142
131 1592
132 1443
132 1459
133 481
133 1193
134 195
134 239
135 869
135 1270
136 158
136 1037
137 191
137 225
138 376
138 766
139 75
139 1362
140 30
140 673
141 438
141 1578
142 229
142 258
143 1006
143 1063
144 1217
144 1350
145 159
145 1371
146 692
146 1062
147 1107
147 1197
148 510
148 1042
149 606
149 1196
150 543
150 1358
151 259
151 261
152 732
152 1115
153 148
153 1151
154 16
155 55
155 522
156 341
156 469
157 187
158 409
158 685
159 270
159 1380
160 642
160 1491
161 1159
161 1577
162 493
162 660
163 126
163 1528
164 896
164 1242
165 316
165 594
166 1364
166 1402
167 730
167 1254
168 413
168 1401
169 64
170 35
170 1319
171 450
171 1141
172 564
172 1582
173 631
173 1379
174 20
174 1183
175 780
175 1082
176 794
176 1566
177 600
177 1152
178 516
178 1406
179 28
179 646
180 718
181 1051
181 1388
182 271
182 1463
183 123
183 231
184 683
185 1546
185 1554
186 447
186 658
187 954
188 757
188 807
189 991
189 1311
190 42
190 862
191 489
191 1091
192 989
192 1382
193 1093
193 1132
194 1557
194 1559
195 716
195 1344
196 1388
196 1466
197 9
197 803
198 15
198 1385
199 387
199 482
200 219
200 692
201 976
202 1013
202 1135
203 834
204 206
204 943
205 7
205 1586
206 188
206 314
207 1383
207 1515
208 522
208 1317
209 817
209 869
210 759
210 1060
211 601
211 1580
212 527
212 1189
213 626
213 697
214 307
214 1232
215 121
215 1192
216 628
217 350
217 429
218 511
218 1009
219 1256
219 1357
220 56
220 1492
221 321
221 634
222 955
222 1452
223 153
223 1013
224 159
224 631
225 489
225 1358
226 240
226 1407
227 1484
227 1564
228 269
228 1481
229 312
229 1432
230 81
230 1362
231 67
231 701
232 70
232 205
233 553
233 790
234 181
234 455
235 655
236 1351
236 1506
237 540
237 1132
238 11
238 107
239 143
239 1344
240 538
240 1144
241 791
241 1396
242 715
242 1170
243 886
244 1072
244 1080
245 1025
245 1239
246 276
246 311
247 547
247 611
248 1199
248 1488
249 584
249 1120
250 582
250 1001
251 108
251 239
252 92
252 1513
253 342
253 788
254 377
254 981
255 1356
255 1515
256 366
256 1554
257 267
257 870
258 521
258 1432
259 461
259 1168
260 1260
260 1533
261 461
261 1266
262 51
262 306
263 180
263 827
264 888
265 1066
266 1226
267 688
267 740
268 406
268 1275
269 299
269 403
270 1022
270 1579
271 220
271 1198
272 124
272 1588
273 1311
273 1524
274 176
274 1591
275 227
275 939
276 651
276 928
277 1002
277 1150
278 468
278 556
279 1002
279 1307
280 1430
280 1453
281 1166
281 1251
282 822
282 1416
283 327
283 1008
284 221
284 858
285 232
285 514
286 945
286 1094
287 318
287 1581
288 352
288 955
289 370
289 491
290 125
290 1003
291 451
291 1405
292 416
292 504
293 836
293 1124
294 1101
294 1576
295 128
295 1209
296 425
296 1278
297 578
297 1546
298 1428
298 1456
299 236
299 1021
300 980
300 1207
301 92
301 1164
302 309
302 720
303 715
303 1029
304 250
304 758
305 332
305 1526
306 1040
306 1384
307 751
307 1298
308 109
308 501
309 922
309 1253
310 452
310 1345
311 651
311 777
312 977
312 1100
313 1112
313 1267
314 624
314 757
315 295
315 949
316 305
316 1407
317 241
317 1119
318 242
318 828
319 837
320 564
320 587
321 250
321 1545
322 434
322 1312
323 401
323 1118
324 223
324 782
325 245
325 573
326 971
326 1490
327 349
327 768
328 221
328 494
329 397
329 1272
330 709
330 1069
331 213
331 661
332 288
332 1572
333 344
333 487
334 149
334 373
335 388
335 1371
336 244
336 833
337 763
337 1392
338 577
338 860
339 693
339 912
340 684
340 1330
341 257
341 1346
342 636
342 1241
343 1208
343 1301
344 428
344 1269
345 58
345 1355
346 810
346 1576
347 664
347 1268
348 146
348 513
349 65
349 1125
350 597
350 1331
351 612
351 619
352 212
352 1527
353 975
353 1320
354 688
354 1569
355 337
355 1558
356 118
356 778
357 448
357 1079
358 648
358 1528
359 68
359 1342
360 1000
360 1434
361 619
361 624
362 773
362 991
363 790
363 886
364 164
364 1009
365 1000
365 1279
366 118
366 878
367 241
367 1574
368 163
368 358
369 284
369 328
370 73
370 956
371 423
371 1048
372 385
372 1520
373 606
373 1563
374 866
374 1151
375 123
375 1179
376 1190
376 1217
377 446
377 1507
378 440
378 1240
379 444
379 1372
380 623
380 1038
381 174
381 805
382 423
382 660
383 1017
383 1193
384 628
384 834
385 226
385 1412
386 672
386 1502
387 696
387 764
388 909
388 1136
389 156
389 672
390 1425
390 1498
391 1032
391 1284
392 1127
392 1445
393 151
393 957
394 662
394 887
395 340
395 405
396 1156
396 1379
397 484
397 1038
398 1145
398 1447
399 1313
399 1475
400 253
400 432
401 131
401 1020
402 1259
403 527
403 1021
404 112
404 590
405 1292
405 1330
406 771
406 1213
407 486
407 1007
408 201
409 330
409 1293
410 81
410 1285
411 559
411 793
412 317
412 367
413 347
413 941
414 1273
414 1594
415 103
415 1502
416 1231
416 1304
417 553
417 1567
418 21
418 1391
419 89
419 112
420 447
420 584
421 1046
421 1234
422 426
422 1497
423 911
423 948
424 1074
424 1236
425 66
425 904
426 544
426 1070
427 172
427 1104
428 133
428 383
429 574
429 597
430 928
430 951
431 189
431 362
432 105
432 788
433 1243
433 1365
434 549
434 1493
435 186
435 1313
436 386
436 389
437 494
437 863
438 3
438 1140
439 770
440 1167
440 1598
441 11
441 1255
442 669
442 1302
443 439
444 125
444 885
445 699
445 1544
446 57
446 528
447 682
447 1188
448 500
448 565
449 1071
449 1163
450 298
450 552
451 1348
451 1414
452 1389
452 1594
453 380
453 397
454 368
454 1397
455 161
455 1051
456 485
456 1550
457 621
457 1517
458 783
458 1445
459 536
459 719
460 504
460 1211
461 292
461 460
462 434
462 523
463 265
464 260
464 478
465 385
465 1146
466 804
466 1222
467 478
467 845
468 196
468 506
469 1319
469 1346
470 988
470 1103
471 523
471 1427
472 870
472 1442
473 986
473 1503
474 503
474 880
475 570
475 1315
476 938
476 967
477 140
477 1162
478 6
478 1533
479 984
479 1431
480 739
480 1279
481 272
481 871
482 764
482 894
483 1333
483 1573
484 1113
484 1287
485 360
485 1581
486 900
486 1360
487 428
487 798
488 1110
488 1134
489 1019
489 1419
490 313
490 1484
491 720
491 956
492 309
492 1262
493 408
494 568
494 634
495 392
495 458
496 88
496 1122
497 69
497 804
498 610
498 1041
499 819
499 1180
500 166
500 1525
501 103
501 649
502 710
502 1312
503 74
503 1316
504 722
504 1304
505 572
505 755
506 1466
506 1487
507 151
507 543
508 646
508 847
509 388
509 515
510 280
510 1232
511 278
511 759
512 615
512 687
513 395
513 1062
514 205
514 1332
515 762
515 1136
516 890
516 1399
517 830
517 1486
518 572
518 1265
519 90
519 1472
520 342
520 812
521 371
521 727
522 964
522 1583
523 135
523 1493
524 877
524 979
525 683
525 796
526 193
526 1364
527 336
527 602
528 286
528 932
529 1182
529 1516
530 1141
530 1416
531 79
531 666
532 644
532 789
533 109
533 1286
534 601
534 1244
535 643
535 821
536 80
536 1195
537 947
537 1509
538 222
538 288
539 730
539 1211
540 283
540 1539
541 951
541 1479
542 87
542 188
543 259
543 774
544 1158
544 1324
545 55
545 1435
546 1320
546 1413
547 640
547 960
548 492
548 679
549 227
549 490
550 645
550 1072
551 466
551 497
552 1347
552 1428
553 499
553 731
554 1220
554 1455
555 875
555 1490
556 181
556 196
557 456
557 1172
558 704
558 968
559 476
559 918
560 793
560 1553
561 1376
561 1501
562 27
562 1462
563 509
563 1209
564 160
564 854
565 285
565 1525
566 72
566 696
567 60
567 587
568 581
568 665
569 0
569 1237
570 256
570 781
571 80
571 1571
572 12
572 591
573 1025
573 1096
574 230
574 410
575 772
575 785
576 737
576 1102
577 404
577 596
578 1090
578 1359
579 1334
579 1420
580 2
580 908
581 814
581 874
582 1494
582 1565
583 152
583 879
584 418
584 682
585 852
585 896
586 398
586 1516
587 854
587 1340
588 329
588 453
589 551
589 919
590 1281
590 1495
591 53
591 917
592 580
592 1571
593 43
593 739
594 305
594 890
595 933
595 1507
596 590
596 867
597 139
597 230
598 10
598 752
599 1220
599 1228
600 85
600 1160
601 613
601 1130
602 451
602 833
603 19
603 608
604 1473
605 253
605 520
606 134
606 251
607 827
607 1405
608 1034
608 1276
609 29
609 566
610 746
610 1058
611 477
611 960
612 211
612 534
613 700
613 1085
614 30
614 770
615 742
615 1196
616 41
616 303
617 32
617 1212
618 25
618 1565
619 211
619 1381
620 8
620 318
621 436
621 846
622 157
622 840
623 372
623 982
624 1099
624 1381
625 865
625 1550
626 595
626 1227
627 684
627 1203
628 1186
629 126
629 1086
630 101
630 699
631 270
631 1366
632 487
632 661
633 1089
633 1451
634 581
634 1545
635 47
635 286
636 880
636 891
637 392
637 1547
638 258
638 659
639 138
639 1261
640 439
640 614
641 273
641 776
642 357
642 1448
643 45
643 433
644 386
644 415
645 1374
645 1557
646 914
646 1052
647 1185
647 1482
648 1548
648 1549
649 633
649 983
650 652
650 902
651 441
651 1258
652 792
652 1417
653 296
653 1584
654 642
654 1154
655 154
656 517
656 1454
657 427
657 1248
658 1188
658 1315
659 521
659 1117
660 408
660 948
661 626
661 798
662 22
662 83
663 179
663 508
664 464
664 811
665 780
665 874
666 106
666 156
667 326
667 555
668 90
668 647
669 237
669 1327
670 853
670 1559
671 1102
671 1473
672 170
672 469
673 576
673 671
674 108
674 1309
675 819
676 37
676 1477
677 1296
677 1585
678 1325
678 1556
679 220
679 1262
680 561
680 1538
681 433
681 1125
682 21
682 297
683 1552
684 462
684 471
685 330
685 1250
686 167
686 539
687 742
687 799
688 122
688 829
689 107
689 702
690 14
690 470
691 130
691 929
692 627
692 1256
693 422
693 1036
694 158
694 872
695 962
695 1333
696 1480
696 1535
697 377
697 595
698 169
698 994
699 127
699 1394
700 49
700 1129
701 216
701 384
702 483
702 857
703 839
703 1462
704 217
704 719
705 150
705 507
706 266
706 1489
707 175
707 665
708 348
708 1356
709 248
709 1223
710 275
710 921
711 1449
711 1453
712 678
712 952
713 24
713 284
714 69
714 754
715 987
715 1335
716 54
716 1534
717 24
717 294
718 949
719 350
719 1195
720 190
720 1253
721 345
721 897
722 647
722 1288
723 734
723 1293
724 398
724 881
725 252
725 1299
726 1556
727 667
727 1048
728 577
728 1068
729 771
729 1231
730 519
730 668
731 754
731 1180
732 202
732 1236
733 279
733 1134
734 639
734 1561
735 605
735 823
736 154
736 1057
737 1194
737 1424
738 172
738 320
739 323
739 1560
740 829
740 1184
741 61
741 442
742 674
742 936
743 178
743 950
744 44
744 801
745 1464
746 849
746 855
747 848
747 1143
748 171
748 530
749 176
749 1112
750 1201
750 1244
751 620
751 1229
752 214
752 1476
753 1334
753 1457
754 375
754 1458
755 591
755 1137
756 411
756 1530
757 913
757 1099
758 582
758 618
759 468
759 1030
760 1116
760 1265
761 680
761 907
762 184
763 243
764 706
764 1480
765 969
765 1067
766 795
766 1190
767 189
767 273
768 65
768 1207
769 290
769 444
770 604
771 457
771 1161
772 391
772 958
773 524
773 1156
774 686
774 1168
775 268
775 848
776 915
776 1524
777 113
777 1258
778 63
778 209
779 888
779 1222
780 588
780 999
781 356
781 366
782 153
782 374
783 257
783 472
784 971
784 1247
785 391
785 1483
786 923
786 1588
787 1045
787 1328
788 390
788 1241
789 415
789 501
790 499
790 675
791 445
791 630
792 574
792 926
793 918
793 1329
794 282
794 1326
795 102
795 215
796 337
796 1552
797 97
797 1067
798 383
798 1227
799 650
799 936
800 353
800 1506
801 558
801 806
802 865
802 1508
803 162
803 1187
804 114
804 183
805 1037
805 1183
806 459
806 704
807 913
807 1440
808 474
808 1109
809 10
809 290
810 744
810 1176
811 38
811 260
812 474
812 636
813 380
813 832
814 1065
814 1289
815 940
815 1144
816 97
816 1503
817 274
817 1177
818 840
818 883
819 820
820 1105
821 45
821 147
822 294
822 346
823 520
823 1409
824 976
824 1027
825 488
825 733
826 593
826 944
827 315
827 718
828 1128
828 1170
829 1216
829 1469
830 826
830 1235
831 426
831 1254
832 623
832 1435
833 1080
833 1414
834 1186
835 663
835 1148
836 110
836 702
837 1487
838 502
838 1184
839 281
839 1059
840 187
840 1521
841 505
841 518
842 996
842 1272
843 450
843 871
844 203
845 6
845 1387
846 389
846 666
847 86
847 1052
848 406
848 729
849 500
849 882
850 78
850 1059
851 32
851 467
852 445
852 1375
853 396
853 773
854 454
854 1491
855 61
855 882
856 34
856 144
857 724
857 1573
858 304
858 321
859 920
859 924
860 75
860 596
861 296
861 1202
862 210
862 511
863 568
863 707
864 269
864 1323
865 365
865 480
866 1026
866 1590
867 541
867 1281
868 570
868 1357
869 274
869 749
870 740
870 838
871 124
871 552
872 685
872 1201
873 197
873 1204
874 588
874 1065
875 36
875 1027
876 1349
876 1433
877 756
877 897
878 653
878 861
879 324
879 1115
880 1206
880 1316
881 48
881 1447
882 166
882 526
883 482
883 1521
884 700
884 1014
885 959
885 1398
886 675
887 83
887 1409
888 1291
889 1050
889 1464
890 1395
890 1526
891 1010
891 1206
892 641
892 1247
893 1457
894 706
894 1053
895 629
895 930
896 234
896 1375
897 58
897 1530
898 1174
898 1444
899 694
899 1459
900 399
900 1383
901 985
901 1401
902 429
902 792
903 997
903 1043
904 748
904 1075
905 1117
905 1353
906 289
906 1352
907 1078
907 1538
908 52
908 743
909 525
909 1368
910 101
910 195
911 824
911 875
912 422
912 831
913 705
913 1418
914 777
914 1245
915 199
915 966
916 958
916 1519
917 78
917 254
918 589
918 967
919 466
919 779
920 573
920 1570
921 517
921 939
922 218
922 364
923 1111
923 1341
924 1420
924 1570
925 96
925 1437
926 410
926 1148
927 0
927 992
928 238
928 441
929 378
929 1131
930 435
930 1086
931 228
931 1263
932 412
932 945
933 635
933 1215
934 778
934 1427
935 753
935 893
936 652
936 1309
937 111
937 508
938 50
938 1567
939 830
939 1564
940 576
940 1423
941 664
941 1239
942 265
942 1421
943 314
943 361
944 43
944 925
945 317
945 1496
946 859
946 1542
947 1124
947 1322
948 201
948 824
949 128
950 89
950 1406
951 238
951 689
952 547
952 1325
953 579
953 924
954 1053
955 33
955 1527
956 190
956 1474
957 261
957 1033
958 873
958 1284
959 625
959 802
960 140
960 614
961 381
961 1385
962 353
962 546
963 1092
963 1098
964 1035
964 1146
965 79
965 495
966 387
966 566
967 50
967 551
968 217
968 902
969 207
969 255
970 291
970 607
971 119
971 1095
972 400
972 1012
973 414
973 452
974 931
974 1509
975 194
975 645
976 1408
977 667
977 1221
978 204
978 1425
979 756
979 1205
980 1137
980 1587
981 446
981 1171
982 165
982 1520
983 262
983 1451
984 895
984 1181
985 1471
985 1540
986 495
986 637
987 95
987 413
988 548
988 1023
989 59
989 799
990 929
990 1036
991 524
991 1011
992 1044
992 1149
993 957
993 1543
994 64
994 1169
995 393
995 993
996 908
996 1370
997 498
997 1077
998 1081
998 1439
999 453
999 813
1000 1028
1000 1274
1001 1289
1001 1494
1002 1252
1002 1593
1003 91
1003 557
1004 14
1004 1237
1005 687
1005 989
1006 663
1006 937
1007 207
1007 900
1008 349
1008 681
1009 278
1009 1242
1010 351
1010 1153
1011 29
1011 979
1012 432
1012 1073
1013 148
1013 1467
1014 1129
1014 1223
1015 835
1015 1006
1016 76
1016 1050
1017 786
1017 1215
1018 199
1018 883
1019 686
1019 1294
1020 707
1020 1142
1021 336
1021 1351
1022 355
1022 1024
1023 302
1023 492
1024 1306
1024 1558
1025 1460
1025 1470
1026 711
1026 1138
1027 622
1027 1408
1028 1121
1028 1411
1029 1335
1029 1542
1030 506
1030 837
1031 427
1031 738
1032 659
1032 905
1033 747
1033 1266
1034 300
1034 768
1035 120
1035 477
1036 378
1036 1497
1037 409
1037 723
1038 982
1038 1113
1039 916
1039 1084
1040 769
1040 809
1041 117
1041 746
1042 280
1042 711
1043 654
1043 1077
1044 554
1044 1352
1045 94
1045 712
1046 449
1046 1328
1047 535
1047 1415
1048 555
1048 911
1049 772
1049 916
1050 1055
1050 1446
1051 359
1051 1159
1052 1245
1052 1361
1053 266
1054 463
1055 1234
1055 1523
1056 438
1056 1321
1057 16
1057 1339
1058 741
1058 855
1059 1230
1059 1251
1060 319
1060 1030
1061 145
1061 335
1062 340
1062 627
1063 937
1063 1596
1064 327
1064 1034
1065 329
1065 842
1066 169
1067 255
1067 708
1068 404
1068 419
1069 248
1069 1261
1070 1158
1070 1472
1071 678
1071 726
1072 1061
1072 1374
1073 105
1073 1500
1074 598
1074 809
1075 171
1075 843
1076 486
1076 1181
1077 1041
1077 1154
1078 13
1078 856
1079 98
1079 565
1080 1061
1080 1219
1081 518
1081 760
1082 999
1082 1390
1083 37
1083 1191
1084 994
1084 1519
1085 49
1085 339
1086 186
1086 420
1087 289
1087 1441
1088 907
1088 1511
1089 424
1089 732
1090 40
1090 129
1091 339
1091 1419
1092 713
1092 717
1093 608
1093 1064
1094 334
1094 1496
1095 818
1095 1018
1096 76
1096 1470
1097 698
1097 1084
1098 369
1098 713
1099 137
1099 1418
1100 1182
1100 1221
1101 304
1101 1512
1102 1155
1102 1424
1103 1023
1103 1441
1104 1043
1104 1582
1105 844
1106 9
1107 569
1107 1004
1108 747
1108 775
1109 503
1109 1477
1110 496
1110 1510
1111 334
1111 1318
1112 963
1112 1566
1113 165
1113 1114
1114 516
1114 594
1115 202
1115 223
1116 331
1116 632
1117 371
1117 382
1118 863
1118 1020
1119 1396
1119 1563
1120 418
1120 1257
1121 131
1121 1518
1122 935
1122 1259
1123 825
1123 1485
1124 110
1124 1403
1125 562
1125 1365
1126 801
1126 1382
1127 395
1127 1555
1128 168
1128 901
1129 691
1129 990
1130 1085
1130 1091
1131 440
1131 1208
1132 283
1132 1064
1133 219
1133 868
1134 496
1134 1307
1135 752
1135 1467
1136 184
1136 525
1137 850
1137 917
1138 1449
1138 1485
1139 48
1139 1413
1140 264
1141 298
1141 1597
1142 175
1142 1595
1143 416
1143 729
1144 222
1144 1423
1145 641
1145 767
1146 120
1146 1412
1147 579
1147 753
1148 179
1148 1285
1149 554
1149 599
1150 946
1150 1593
1151 1026
1151 1042
1152 532
1152 1160
1153 612
1153 1443
1154 117
1154 357
1155 1300
1156 721
1156 877
1157 94
1157 1317
1158 797
1158 816
1159 68
1159 301
1160 308
1160 789
1161 532
1161 1517
1162 673
1162 940
1163 726
1164 1097
1164 1421
1165 618
1165 1551
1166 548
1166 1522
1167 765
1167 1529
1168 460
1168 539
1169 197
1169 1106
1170 168
1170 987
1171 57
1171 1463
1172 287
1172 485
1173 70
1173 1257
1174 236
1174 800
1175 1054
1175 1342
1176 44
1176 1165
1177 66
1177 1591
1178 988
1178 1166
1179 844
1179 1400
1180 820
1180 1458
1181 930
1181 1360
1182 784
1182 892
1183 46
1183 723
1184 710
1184 1469
1185 531
1185 965
1187 493
1188 185
1188 297
1189 291
1189 602
1190 215
1190 1297
1191 18
1191 961
1192 479
1192 1233
1193 272
1193 786
1194 5
1194 104
1195 338
1195 1331
1196 251
1196 674
1197 569
1197 927
1198 1426
1198 1492
1199 795
1199 1369
1200 86
1200 785
1201 884
1201 1250
1202 1278
1202 1436
1203 471
1203 934
1204 803
1204 1353
1205 411
1205 560
1206 132
1206 1153
1207 703
1207 1587
1208 1282
1208 1598
1209 39
1209 515
1210 98
1210 648
1211 668
1211 722
1212 1367
1212 1390
1213 1152
1213 1161
1214 531
1214 846
1215 47
1215 923
1216 656
1216 1438
1217 567
1217 1297
1218 17
1218 616
1219 335
1219 509
1220 4
1220 235
1221 326
1221 784
1222 114
1222 1291
1223 691
1223 1488
1224 233
1224 363
1225 310
1225 973
1226 1578
1227 933
1227 1017
1228 235
1229 8
1229 616
1230 182
1230 1171
1231 93
1231 457
1232 751
1232 1430
1233 23
1233 1431
1234 62
1234 449
1235 944
1235 1433
1236 598
1236 1135
1237 906
1237 1087
1238 356
1238 934
1239 811
1239 1460
1240 1167
1240 1324
1241 891
1241 1498
1242 234
1242 556
1243 690
1243 1004
1244 613
1244 884
1245 113
1245 142
1246 282
1246 530
1247 119
1247 776
1248 903
1248 1104
1249 20
1249 1295
1250 709
1250 1014
1251 182
1251 1522
1252 953
1252 1147
1253 218
1253 862
1254 519
1254 1070
1255 1277
1255 1450
1256 1203
1256 1238
1257 998
1257 1391
1258 1255
1258 1314
1259 893
1260 1045
1260 1157
1261 766
1261 1199
1262 56
1262 922
1263 898
1263 1481
1264 1075
1264 1505
1265 12
1265 331
1266 292
1266 1143
1267 963
1267 1349
1268 464
1268 467
1269 133
1269 1505
1270 313
1270 749
1271 164
1271 585
1272 484
1272 1370
1273 394
1273 1536
1274 901
1274 1411
1275 177
1275 1213
1276 300
1276 1589
1277 529
1277 1100
1278 904
1278 1264
1279 1028
1279 1560
1280 163
1280 629
1281 293
1281 1479
1282 407
1282 1076
1283 512
1283 1005
1284 905
1284 1204
1285 28
1285 246
1286 1
1286 1422
1287 178
1287 1114
1288 1185
1288 1214
1289 842
1289 1514
1290 787
1290 1046
1291 1310
1292 322
1292 502
1293 639
1293 1069
1294 167
1294 831
1295 761
1295 1088
1296 575
1296 1200
1297 60
1297 1192
1298 287
1298 620
1299 1513
1299 1585
1300 1363
1301 100
1301 1282
1302 193
1302 237
1303 277
1303 279
1304 93
1304 1288
1305 400
1305 605
1306 1224
1306 1468
1307 88
1307 1252
1308 99
1308 1090
1309 1015
1309 1417
1310 67
1311 609
1311 1011
1312 275
1312 549
1313 475
1313 658
1314 312
1314 1277
1315 185
1315 256
1316 132
1316 899
1317 247
1317 1583
1318 149
1318 615
1319 116
1319 354
1320 194
1320 670
1321 3
1321 919
1322 898
1322 1403
1323 212
1323 403
1324 765
1324 797
1325 443
1325 640
1326 717
1326 822
1327 540
1327 1378
1328 712
1328 1071
1329 589
1329 1321
1330 322
1330 462
1331 139
1331 860
1332 19
1332 1586
1333 546
1333 1139
1334 745
1334 889
1335 95
1335 325
1336 344
1336 1436
1337 430
1337 541
1338 276
1338 430
1339 1060
1339 1354
1340 23
1340 454
1341 512
1341 1318
1342 463
1342 942
1343 1468
1343 1541
1344 54
1344 1063
1345 1377
1345 1389
1346 267
1346 354
1347 192
1347 1005
1348 295
1348 563
1349 26
1349 1098
1350 320
1350 567
1351 244
1351 550
1352 370
1352 1455
1353 162
1353 382
1354 319
1355 1306
1355 1343
1356 146
1356 200
1357 781
1357 1238
1358 774
1358 1019
1359 71
1359 129
1360 399
1360 435
1361 142
1361 638
1362 1337
1362 1338
1363 180
1364 603
1364 1093
1365 27
1365 690
1366 345
1366 1579
1367 1387
1367 1599
1368 355
1368 796
1369 102
1369 343
1370 743
1370 1287
1371 909
1371 1380
1372 885
1372 1438
1373 141
1373 1056
1374 145
1374 224
1375 455
1375 1544
1376 34
1376 1031
1377 972
1377 1305
1378 1047
1378 1539
1379 721
1379 1366
1380 1022
1380 1368
1381 137
1381 1580
1382 59
1382 558
1383 1133
1383 1475
1384 379
1384 769
1385 136
1385 805
1386 476
1386 1541
1387 155
1387 545
1388 359
1388 1175
1389 735
1389 1305
1390 813
1390 1599
1391 1308
1391 1439
1392 243
1392 363
1393 152
1393 1089
1394 725
1394 1577
1395 228
1395 864
1396 630
1396 910
1397 358
1397 1210
1398 456
1398 625
1399 931
1399 1395
1400 203
1400 384
1401 347
1401 1540
1402 603
1402 1332
1403 695
1403 1444
1404 585
1404 1574
1405 315
1405 1348
1406 974
1406 1399
1407 332
1407 538
1408 157
1409 808
1409 812
1410 71
1410 861
1411 985
1411 1518
1412 240
1412 815
1413 670
1413 1465
1414 563
1414 1219
1415 643
1415 681
1416 346
1416 1597
1417 835
1417 926
1418 150
1418 225
1419 912
1419 1294
1420 889
1420 1016
1421 698
1421 1066
1422 583
1422 1393
1423 737
1423 1452
1424 104
1424 1300
1425 943
1425 1537
1426 367
1426 1404
1427 135
1427 209
1428 192
1428 1126
1429 676
1429 1083
1430 1218
1430 1229
1431 895
1431 1280
1432 727
1432 977
1433 26
1433 925
1434 1128
1434 1274
1435 372
1435 465
1436 1264
1436 1269
1437 328
1437 437
1438 959
1438 1454
1439 99
1439 760
1440 705
1440 1499
1441 302
1441 491
1442 838
1442 1292
1443 534
1443 750
1444 800
1444 962
1445 472
1445 1555
1446 1523
1447 431
1447 767
1448 1079
1448 1210
1449 82
1449 1303
1450 529
1450 586
1451 51
1451 424
1452 33
1452 1194
1453 82
1453 1218
1454 802
1454 1486
1455 4
1455 73
1456 744
1456 1126
1457 745
1458 1105
1458 1179
1459 750
1459 872
1460 38
1460 1290
1461 676
1461 1109
1462 281
1462 1178
1463 1198
1463 1568
1464 1446
1465 362
1465 853
1466 1175
1466 1504
1467 214
1467 510
1468 233
1468 417
1469 656
1469 921
1470 421
1470 1290
1471 617
1471 851
1472 473
1472 816
1473 1155
1474 42
1474 1057
1475 475
1475 868
1476 91
1476 307
1477 74
1477 198
1478 505
1478 1589
1479 689
1479 836
1480 1373
1480 1489
1481 299
1481 1174
1482 965
1482 986
1483 638
1483 1032
1484 876
1484 1267
1485 733
1485 1303
1486 826
1486 1508
1487 1504
1488 130
1488 1369
1489 141
1489 1226
1490 36
1490 1095
1491 1397
1491 1448
1492 1271
1492 1404
1493 490
1493 1270
1494 592
1494 1514
1495 293
1495 947
1496 373
1496 1119
1497 544
1497 1240
1498 1010
1498 1537
1499 393
1499 507
1500 978
1500 1562
1501 657
1501 1031
1502 170
1502 1532
1503 115
1503 637
1504 1054
1505 481
1505 843
1506 550
1506 975
1507 528
1507 635
1508 480
1508 593
1509 1263
1509 1322
1510 402
1510 1122
1511 1078
1511 1561
1512 758
1512 1165
1513 1039
1513 1049
1514 580
1514 996
1515 200
1515 1133
1516 892
1516 1145
1517 436
1517 644
1518 1471
1518 1592
1519 873
1519 1169
1520 226
1520 316
1521 894
1521 954
1522 271
1522 679
1523 62
1524 609
1524 966
1525 514
1525 1402
1526 864
1526 1572
1527 970
1527 1189
1528 249
1528 1549
1529 969
1529 1007
1530 559
1530 1386
1531 206
1531 542
1532 35
1532 262
1533 208
1533 1157
1534 677
1534 1299
1535 1373
1535 1553
1536 823
1536 887
1537 351
1537 361
1538 856
1538 1376
1539 1008
1539 1415
1540 851
1540 1268
1541 417
1541 938
1542 325
1542 920
1543 1033
1543 1108
1544 161
1544 1394
1545 814
1545 1001
1546 1359
1546 1410
1547 513
1547 1127
1548 232
1548 1173
1549 1120
1549 1173
1550 360
1550 365
1551 25
1551 459
1552 763
1553 1056
1553 1329
1554 878
1554 1410
1555 405
1555 1442
1556 443
1557 173
1557 224
1558 1224
1558 1392
1559 173
1559 396
1560 401
1560 1121
1561 13
1561 138
1562 204
1562 1531
1563 134
1563 910
1564 876
1564 1235
1565 571
1565 592
1566 1092
1566 1326
1567 714
1567 731
1568 412
1568 1426
1569 122
1569 379
1570 1016
1570 1096
1571 2
1571 728
1572 352
1572 1323
1573 881
1573 1139
1574 791
1574 852
1575 84
1575 1440
1576 1176
1576 1512
1577 252
1577 301
1578 1140
1579 1024
1579 1355
1580 191
1580 1130
1581 828
1581 1434
1582 160
1582 654
1583 611
1583 1035
1584 425
1584 1177
1585 575
1585 1049
1586 841
1586 1478
1587 839
1587 850
1588 1283
1588 1341
1589 755
1589 980
1590 1123
1590 1138
1591 794
1591 1246
1592 617
1592 1595
1593 859
1593 953
1594 735
1594 1536
1595 1082
1595 1212
1596 111
1596 1296
1597 810
1597 1456
1598 407
1598 1529
1599 545
1599 832

