0 7
0 33
1 36
1 75
2 61
2 62
3 4
3 40
4 45
4 48
5 47
5 76
6 5
6 79
7 42
7 53
8 0
8 63
9 14
9 34
10 27
11 51
11 80
12 8
12 19
13 46
13 72
14 13
14 25
15 50
15 61
16 39
16 68
17 20
17 45
18 12
18 20
19 63
20 8
20 28
21 22
21 24
22 3
22 73
23 74
23 78
24 3
24 71
25 46
25 53
26 10
28 0
28 34
29 23
29 77
30 21
30 43
31 13
31 44
32 1
32 65
33 42
34 7
34 25
35 14
35 31
36 23
36 37
37 70
37 78
38 57
39 6
39 64
40 48
40 49
41 56
41 73
42 55
43 22
43 41
44 72
44 80
45 9
45 28
46 15
46 52
47 32
47 71
48 9
48 35
49 35
49 54
50 26
50 59
51 67
52 50
52 66
53 52
53 55
54 31
54 70
55 66
56 17
56 18
57 27
58 1
58 69
59 10
59 57
60 51
61 38
61 59
62 38
63 33
64 21
64 79
65 49
65 75
66 26
67 62
68 30
68 64
69 29
69 36
70 11
70 44
71 40
71 65
72 2
72 15
73 4
73 17
74 60
75 37
75 54
76 32
76 58
77 74
78 11
78 60
79 24
79 47
80 2
80 67
