Count of vertices: 6
Degree of vertices:
	deg(0) = 2
	deg(1) = 2
	deg(2) = 1
	deg(3) = 0
	deg(4) = 0
	deg(5) = 0
Edges:
	0 -> 1
	0 -> 2
	1 -> 3
	1 -> 4
	2 -> 5
Leaves: 3, 4, 5
Dists:
	0 1 1 2 2 2
	1 0 2 1 1 3
	1 2 0 3 3 1
	2 1 3 0 2 4
	2 1 3 2 0 4
	2 3 1 4 4 0
Inv3:
	0: '0, 0, 2, (2, 2, 2)'
	1: '1, 1, 2, (1, 1, 3)'
	2: '1, 1, 1, (1, 3, 3)'
	3: '2, 1, 0, (0, 2, 4)'
	4: '2, 1, 0, (0, 2, 4)'
	5: '2, 1, 0, (0, 4, 4)'
full: '0, 0, 2, (2, 2, 2); 1, 1, 1, (1, 3, 3); 1, 1, 2, (1, 1, 3); 2, 1, 0, (0, 2, 4); 2, 1, 0, (0, 2, 4); 2, 1, 0, (0, 4, 4)'
