0 22 24 22 24 5 39 19 24 34 22 34 22 0 39 0 19 27 34 19 22 24 22 27 24 25 0 27 39 0 0 24 34 19 34 39 36 37 39 39 27 19 34 27 44 19 46 27 48 
22 1 10 3 1 5 20 10 1 1 10 20 1 3 3 10 20 1 10 22 20 3 22 1 22 5 1 22 10 20 1 20 3 1 22 1 5 5 1 22 10 3 1 20 5 1 5 3 5 
24 10 2 10 2 5 31 2 2 2 10 31 10 2 2 2 31 2 2 24 20 2 22 2 24 44 2 24 2 31 2 31 2 2 24 2 44 44 2 24 2 2 2 31 44 2 44 2 44 
22 3 10 3 3 5 20 10 3 3 10 20 3 3 3 10 20 3 10 22 20 3 22 3 22 5 3 22 10 20 3 20 3 3 22 3 5 5 3 22 10 3 3 20 5 3 5 3 5 
24 1 2 3 4 5 31 2 8 8 10 31 12 21 21 2 31 8 2 24 20 21 22 4 24 44 8 24 2 31 4 31 21 8 24 8 44 44 4 24 2 21 4 31 44 4 44 21 44 
5 5 5 5 5 5 5 5 5 5 5 5 5 5 5 5 5 5 5 5 5 5 5 5 5 5 5 5 5 5 5 5 5 5 5 5 5 5 5 5 5 5 5 5 5 5 5 5 5 
39 20 31 20 31 5 6 16 31 6 20 6 20 6 6 6 16 43 6 19 20 31 22 43 24 25 6 27 6 6 6 31 6 16 39 6 48 48 6 39 43 16 6 43 44 16 46 43 48 
19 10 2 10 2 5 16 7 2 7 10 16 10 7 7 7 16 40 7 19 20 2 22 40 24 25 7 27 7 16 7 31 7 7 19 7 46 46 7 19 40 7 7 43 44 7 46 40 46 
24 1 2 3 8 5 31 2 8 8 10 31 1 21 21 2 31 8 2 24 20 21 22 8 24 44 8 24 2 31 8 31 21 8 24 8 44 44 8 24 2 21 8 31 44 8 44 21 44 
34 1 2 3 8 5 6 7 8 9 10 11 1 32 14 18 16 17 18 19 20 21 22 17 24 25 9 27 28 11 9 31 32 33 34 35 37 37 35 39 40 41 9 43 44 33 46 47 48 
22 10 10 10 10 5 20 10 10 10 10 20 10 10 10 10 20 10 10 22 20 10 22 10 22 5 10 22 10 20 10 20 10 10 22 10 5 5 10 22 10 10 10 20 5 10 5 10 5 
34 20 31 20 31 5 6 16 31 11 20 11 20 11 6 11 16 43 11 19 20 31 22 43 24 25 11 27 6 11 11 31 11 16 34 6 37 37 6 39 43 16 11 43 44 16 46 43 48 
22 1 10 3 12 5 20 10 1 1 10 20 12 3 3 10 20 1 10 22 20 3 22 12 22 5 1 22 10 20 12 20 3 1 22 1 5 5 12 22 10 3 12 20 5 12 5 3 5 
0 3 2 3 21 5 6 7 21 32 10 11 3 13 14 15 16 47 18 19 20 21 22 47 24 25 13 27 28 29 13 31 32 41 34 14 36 37 14 39 40 41 32 43 44 41 46 47 48 
39 3 2 3 21 5 6 7 21 14 10 6 3 14 14 28 16 47 28 19 20 21 22 47 24 25 14 27 28 6 14 31 14 41 39 14 48 48 14 39 40 41 14 43 44 41 46 47 48 
0 10 2 10 2 5 6 7 2 18 10 11 10 15 28 15 16 40 18 19 20 2 22 40 24 25 15 27 28 29 15 31 18 7 34 28 36 37 28 39 40 7 18 43 44 7 46 40 48 
19 20 31 20 31 5 16 16 31 16 20 16 20 16 16 16 16 43 16 19 20 31 22 43 24 25 16 27 16 16 16 31 16 16 19 16 46 46 16 19 43 16 16 43 44 16 46 43 46 
27 1 2 3 8 5 43 40 8 17 10 43 1 47 47 40 43 17 40 27 20 21 22 17 24 25 17 27 40 43 17 31 47 17 27 17 25 25 17 27 40 47 17 43 44 17 25 47 25 
34 10 2 10 2 5 6 7 2 18 10 11 10 18 28 18 16 40 18 19 20 2 22 40 24 25 18 27 28 11 18 31 18 7 34 28 37 37 28 39 40 7 18 43 44 7 46 40 48 
19 22 24 22 24 5 19 19 24 19 22 19 22 19 19 19 19 27 19 19 22 24 22 27 24 25 19 27 19 19 19 24 19 19 19 19 46 46 19 19 27 19 19 27 44 19 46 27 46 
22 20 20 20 20 5 20 20 20 20 20 20 20 20 20 20 20 20 20 22 20 20 22 20 22 5 20 22 20 20 20 20 20 20 22 20 5 5 20 22 20 20 20 20 5 20 5 20 5 
24 3 2 3 21 5 31 2 21 21 10 31 3 21 21 2 31 21 2 24 20 21 22 21 24 44 21 24 2 31 21 31 21 21 24 21 44 44 21 24 2 21 21 31 44 21 44 21 44 
22 22 22 22 22 5 22 22 22 22 22 22 22 22 22 22 22 22 22 22 22 22 22 22 22 5 22 22 22 22 22 22 22 22 22 22 5 5 22 22 22 22 22 22 5 22 5 22 5 
27 1 2 3 4 5 43 40 8 17 10 43 12 47 47 40 43 17 40 27 20 21 22 23 24 25 17 27 40 43 23 31 47 17 27 17 25 25 23 27 40 47 23 43 44 23 25 47 25 
24 22 24 22 24 5 24 24 24 24 22 24 22 24 24 24 24 24 24 24 22 24 22 24 24 44 24 24 24 24 24 24 24 24 24 24 44 44 24 24 24 24 24 24 44 24 44 24 44 
25 5 44 5 44 5 25 25 44 25 5 25 5 25 25 25 25 25 25 25 5 44 5 25 44 25 25 25 25 25 25 44 25 25 25 25 25 25 25 25 25 25 25 25 44 25 25 25 25 
0 1 2 3 8 5 6 7 8 9 10 11 1 13 14 15 16 17 18 19 20 21 22 17 24 25 26 27 28 29 26 31 32 33 34 35 36 37 35 39 40 41 9 43 44 33 46 47 48 
27 22 24 22 24 5 27 27 24 27 22 27 22 27 27 27 27 27 27 27 22 24 22 27 24 25 27 27 27 27 27 24 27 27 27 27 25 25 27 27 27 27 27 27 44 27 25 27 25 
39 10 2 10 2 5 6 7 2 28 10 6 10 28 28 28 16 40 28 19 20 2 22 40 24 25 28 27 28 6 28 31 28 7 39 28 48 48 28 39 40 7 28 43 44 7 46 40 48 
0 20 31 20 31 5 6 16 31 11 20 11 20 29 6 29 16 43 11 19 20 31 22 43 24 25 29 27 6 29 29 31 11 16 34 6 36 37 6 39 43 16 11 43 44 16 46 43 48 
0 1 2 3 4 5 6 7 8 9 10 11 12 13 14 15 16 17 18 19 20 21 22 23 24 25 26 27 28 29 30 31 32 33 34 35 36 37 38 39 40 41 42 43 44 45 46 47 48 
24 20 31 20 31 5 31 31 31 31 20 31 20 31 31 31 31 31 31 24 20 31 22 31 24 44 31 24 31 31 31 31 31 31 24 31 44 44 31 24 31 31 31 31 44 31 44 31 44 
34 3 2 3 21 5 6 7 21 32 10 11 3 32 14 18 16 47 18 19 20 21 22 47 24 25 32 27 28 11 32 31 32 41 34 14 37 37 14 39 40 41 32 43 44 41 46 47 48 
19 1 2 3 8 5 16 7 8 33 10 16 1 41 41 7 16 17 7 19 20 21 22 17 24 25 33 27 7 16 33 31 41 33 19 33 46 46 33 19 40 41 33 43 44 33 46 47 46 
34 22 24 22 24 5 39 19 24 34 22 34 22 34 39 34 19 27 34 19 22 24 22 27 24 25 34 27 39 34 34 24 34 19 34 39 37 37 39 39 27 19 34 27 44 19 46 27 48 
39 1 2 3 8 5 6 7 8 35 10 6 1 14 14 28 16 17 28 19 20 21 22 17 24 25 35 27 28 6 35 31 14 33 39 35 48 48 35 39 40 41 35 43 44 33 46 47 48 
36 5 44 5 44 5 48 46 44 37 5 37 5 36 48 36 46 25 37 46 5 44 5 25 44 25 36 25 48 36 36 44 37 46 37 48 36 37 48 48 25 46 37 25 44 46 46 25 48 
37 5 44 5 44 5 48 46 44 37 5 37 5 37 48 37 46 25 37 46 5 44 5 25 44 25 37 25 48 37 37 44 37 46 37 48 37 37 48 48 25 46 37 25 44 46 46 25 48 
39 1 2 3 4 5 6 7 8 35 10 6 12 14 14 28 16 17 28 19 20 21 22 23 24 25 35 27 28 6 38 31 14 33 39 35 48 48 38 39 40 41 38 43 44 45 46 47 48 
39 22 24 22 24 5 39 19 24 39 22 39 22 39 39 39 19 27 39 19 22 24 22 27 24 25 39 27 39 39 39 24 39 19 39 39 48 48 39 39 27 19 39 27 44 19 46 27 48 
27 10 2 10 2 5 43 40 2 40 10 43 10 40 40 40 43 40 40 27 20 2 22 40 24 25 40 27 40 43 40 31 40 40 27 40 25 25 40 27 40 40 40 43 44 40 25 40 25 
19 3 2 3 21 5 16 7 21 41 10 16 3 41 41 7 16 47 7 19 20 21 22 47 24 25 41 27 7 16 41 31 41 41 19 41 46 46 41 19 40 41 41 43 44 41 46 47 46 
34 1 2 3 4 5 6 7 8 9 10 11 12 32 14 18 16 17 18 19 20 21 22 23 24 25 9 27 28 11 42 31 32 33 34 35 37 37 38 39 40 41 42 43 44 45 46 47 48 
27 20 31 20 31 5 43 43 31 43 20 43 20 43 43 43 43 43 43 27 20 31 22 43 24 25 43 27 43 43 43 31 43 43 27 43 25 25 43 27 43 43 43 43 44 43 25 43 25 
44 5 44 5 44 5 44 44 44 44 5 44 5 44 44 44 44 44 44 44 5 44 5 44 44 44 44 44 44 44 44 44 44 44 44 44 44 44 44 44 44 44 44 44 44 44 44 44 44 
19 1 2 3 4 5 16 7 8 33 10 16 12 41 41 7 16 17 7 19 20 21 22 23 24 25 33 27 7 16 45 31 41 33 19 33 46 46 45 19 40 41 45 43 44 45 46 47 46 
46 5 44 5 44 5 46 46 44 46 5 46 5 46 46 46 46 25 46 46 5 44 5 25 44 25 46 25 46 46 46 44 46 46 46 46 46 46 46 46 25 46 46 25 44 46 46 25 46 
27 3 2 3 21 5 43 40 21 47 10 43 3 47 47 40 43 47 40 27 20 21 22 47 24 25 47 27 40 43 47 31 47 47 27 47 25 25 47 27 40 47 47 43 44 47 25 47 25 
48 5 44 5 44 5 48 46 44 48 5 48 5 48 48 48 46 25 48 46 5 44 5 25 44 25 48 25 48 48 48 44 48 46 48 48 48 48 48 48 25 46 48 25 44 46 46 25 48 

