0 35 0 3 35 14 0 14 26 3 26 11 43 13 14 0 0 0 26 14 0 35 14 14 43 43 26 3 0 29 3 31 35 42 43 35 0 3 26 0 43 3 42 43 0 0 46 35 26 
35 1 21 35 1 19 32 7 47 21 1 13 12 13 14 21 32 1 32 19 35 21 22 23 24 40 35 47 1 13 32 31 32 13 34 35 47 1 1 1 40 1 13 43 1 47 46 47 21 
0 21 2 3 21 22 15 22 48 9 48 11 12 13 14 15 2 15 48 22 20 21 22 22 12 12 26 9 2 29 9 31 21 33 12 35 2 9 48 15 12 9 42 43 2 15 46 21 48 
3 35 3 3 35 14 3 14 26 3 26 11 43 13 14 3 3 3 26 14 3 35 14 14 43 43 26 3 3 29 3 31 35 29 43 35 3 3 26 3 43 3 29 43 3 3 46 35 26 
35 1 21 35 4 5 32 7 47 21 1 13 12 13 14 21 32 4 32 19 35 21 22 23 24 25 35 47 4 13 32 31 32 13 34 35 47 4 4 1 40 1 13 43 1 47 46 47 21 
14 19 22 14 5 5 23 7 7 22 19 46 12 46 14 22 23 5 23 19 14 22 22 23 24 25 14 7 5 46 23 31 23 46 34 14 7 5 5 19 40 19 46 43 19 7 46 7 22 
0 32 15 3 32 23 6 23 18 9 18 11 12 13 14 15 6 6 18 23 0 21 22 23 34 34 26 30 6 29 30 31 32 42 34 35 6 30 18 6 34 30 42 43 6 6 46 32 48 
14 7 22 14 7 7 23 7 7 22 7 46 12 46 14 22 23 7 23 7 14 22 22 23 24 24 14 7 7 46 23 31 23 46 34 14 7 7 7 7 24 7 46 43 7 7 46 7 22 
26 47 48 26 47 7 18 7 8 48 8 11 12 13 14 48 18 8 18 7 26 21 22 23 24 24 26 8 8 11 18 31 32 11 34 35 8 8 8 8 24 8 11 43 8 8 46 47 48 
3 21 9 3 21 22 9 22 48 9 48 11 12 13 14 9 9 9 48 22 3 21 22 22 12 12 26 9 9 29 9 31 21 29 12 35 9 9 48 9 12 9 29 43 9 9 46 21 48 
26 1 48 26 1 19 18 7 8 48 10 11 12 13 14 48 18 10 18 19 26 21 22 23 24 40 26 8 10 11 18 31 32 11 34 35 8 10 10 10 40 10 11 43 10 8 46 47 48 
11 13 11 11 13 46 11 46 11 11 11 11 31 13 46 11 11 11 11 46 11 13 46 46 31 31 11 11 11 11 11 31 13 11 31 13 11 11 11 11 31 11 11 31 11 11 46 13 11 
43 12 12 43 12 12 12 12 12 12 12 31 12 31 43 12 12 12 12 12 43 12 12 12 12 12 43 12 12 31 12 31 12 31 12 43 12 12 12 12 12 12 31 43 12 12 31 12 12 
13 13 13 13 13 46 13 46 13 13 13 13 31 13 46 13 13 13 13 46 13 13 46 46 31 31 13 13 13 13 13 31 13 13 31 13 13 13 13 13 31 13 13 31 13 13 46 13 13 
14 14 14 14 14 14 14 14 14 14 14 46 43 46 14 14 14 14 14 14 14 14 14 14 43 43 14 14 14 46 14 31 14 46 43 14 14 14 14 14 43 14 46 43 14 14 46 14 14 
0 21 15 3 21 22 15 22 48 9 48 11 12 13 14 15 15 15 48 22 0 21 22 22 12 12 26 9 15 29 9 31 21 42 12 35 15 9 48 15 12 9 42 43 15 15 46 21 48 
0 32 2 3 32 23 6 23 18 9 18 11 12 13 14 15 16 6 18 23 20 21 22 23 34 34 26 30 16 29 30 31 32 33 34 35 16 30 18 6 34 30 42 43 16 6 46 32 48 
0 1 15 3 4 5 6 7 8 9 10 11 12 13 14 15 6 17 18 19 0 21 22 23 24 25 26 27 17 29 30 31 32 42 34 35 45 37 38 39 40 41 42 43 39 45 46 47 48 
26 32 48 26 32 23 18 23 18 48 18 11 12 13 14 48 18 18 18 23 26 21 22 23 34 34 26 18 18 11 18 31 32 11 34 35 18 18 18 18 34 18 11 43 18 18 46 32 48 
14 19 22 14 19 19 23 7 7 22 19 46 12 46 14 22 23 19 23 19 14 22 22 23 24 40 14 7 19 46 23 31 23 46 34 14 7 19 19 19 40 19 46 43 19 7 46 7 22 
0 35 20 3 35 14 0 14 26 3 26 11 43 13 14 0 20 0 26 14 20 35 14 14 43 43 26 3 20 29 3 31 35 33 43 35 20 3 26 0 43 3 42 43 20 0 46 35 26 
35 21 21 35 21 22 21 22 21 21 21 13 12 13 14 21 21 21 21 22 35 21 22 22 12 12 35 21 21 13 21 31 21 13 12 35 21 21 21 21 12 21 13 43 21 21 46 21 21 
14 22 22 14 22 22 22 22 22 22 22 46 12 46 14 22 22 22 22 22 14 22 22 22 12 12 14 22 22 46 22 31 22 46 12 14 22 22 22 22 12 22 46 43 22 22 46 22 22 
14 23 22 14 23 23 23 23 23 22 23 46 12 46 14 22 23 23 23 23 14 22 22 23 34 34 14 23 23 46 23 31 23 46 34 14 23 23 23 23 34 23 46 43 23 23 46 23 22 
43 24 12 43 24 24 34 24 24 12 24 31 12 31 43 12 34 24 34 24 43 12 12 34 24 24 43 24 24 31 34 31 34 31 34 43 24 24 24 24 24 24 31 43 24 24 31 24 12 
43 40 12 43 25 25 34 24 24 12 40 31 12 31 43 12 34 25 34 40 43 12 12 34 24 25 43 24 25 31 34 31 34 31 34 43 24 25 25 40 40 40 31 43 40 24 31 24 12 
26 35 26 26 35 14 26 14 26 26 26 11 43 13 14 26 26 26 26 14 26 35 14 14 43 43 26 26 26 11 26 31 35 11 43 35 26 26 26 26 43 26 11 43 26 26 46 35 26 
3 47 9 3 47 7 30 7 8 9 8 11 12 13 14 9 30 27 18 7 3 21 22 23 24 24 26 27 27 29 30 31 32 29 34 35 27 27 8 27 24 27 29 43 27 27 46 47 48 
0 1 2 3 4 5 6 7 8 9 10 11 12 13 14 15 16 17 18 19 20 21 22 23 24 25 26 27 28 29 30 31 32 33 34 35 36 37 38 39 40 41 42 43 44 45 46 47 48 
29 13 29 29 13 46 29 46 11 29 11 11 31 13 46 29 29 29 11 46 29 13 46 46 31 31 11 29 29 29 29 31 13 29 31 13 29 29 11 29 31 29 29 31 29 29 46 13 11 
3 32 9 3 32 23 30 23 18 9 18 11 12 13 14 9 30 30 18 23 3 21 22 23 34 34 26 30 30 29 30 31 32 29 34 35 30 30 18 30 34 30 29 43 30 30 46 32 48 
31 31 31 31 31 31 31 31 31 31 31 31 31 31 31 31 31 31 31 31 31 31 31 31 31 31 31 31 31 31 31 31 31 31 31 31 31 31 31 31 31 31 31 31 31 31 31 31 31 
35 32 21 35 32 23 32 23 32 21 32 13 12 13 14 21 32 32 32 23 35 21 22 23 34 34 35 32 32 13 32 31 32 13 34 35 32 32 32 32 34 32 13 43 32 32 46 32 21 
42 13 33 29 13 46 42 46 11 29 11 11 31 13 46 42 33 42 11 46 33 13 46 46 31 31 11 29 33 29 29 31 13 33 31 13 33 29 11 42 31 29 42 31 33 42 46 13 11 
43 34 12 43 34 34 34 34 34 12 34 31 12 31 43 12 34 34 34 34 43 12 12 34 34 34 43 34 34 31 34 31 34 31 34 43 34 34 34 34 34 34 31 43 34 34 31 34 12 
35 35 35 35 35 14 35 14 35 35 35 13 43 13 14 35 35 35 35 14 35 35 14 14 43 43 35 35 35 13 35 31 35 13 43 35 35 35 35 35 43 35 13 43 35 35 46 35 35 
0 47 2 3 47 7 6 7 8 9 8 11 12 13 14 15 16 45 18 7 20 21 22 23 24 24 26 27 36 29 30 31 32 33 34 35 36 27 8 45 24 27 42 43 36 45 46 47 48 
3 1 9 3 4 5 30 7 8 9 10 11 12 13 14 9 30 37 18 19 3 21 22 23 24 25 26 27 37 29 30 31 32 29 34 35 27 37 38 41 40 41 29 43 41 27 46 47 48 
26 1 48 26 4 5 18 7 8 48 10 11 12 13 14 48 18 38 18 19 26 21 22 23 24 25 26 8 38 11 18 31 32 11 34 35 8 38 38 10 40 10 11 43 10 8 46 47 48 
0 1 15 3 1 19 6 7 8 9 10 11 12 13 14 15 6 39 18 19 0 21 22 23 24 40 26 27 39 29 30 31 32 42 34 35 45 41 10 39 40 41 42 43 39 45 46 47 48 
43 40 12 43 40 40 34 24 24 12 40 31 12 31 43 12 34 40 34 40 43 12 12 34 24 40 43 24 40 31 34 31 34 31 34 43 24 40 40 40 40 40 31 43 40 24 31 24 12 
3 1 9 3 1 19 30 7 8 9 10 11 12 13 14 9 30 41 18 19 3 21 22 23 24 40 26 27 41 29 30 31 32 29 34 35 27 41 10 41 40 41 29 43 41 27 46 47 48 
42 13 42 29 13 46 42 46 11 29 11 11 31 13 46 42 42 42 11 46 42 13 46 46 31 31 11 29 42 29 29 31 13 42 31 13 42 29 11 42 31 29 42 31 42 42 46 13 11 
43 43 43 43 43 43 43 43 43 43 43 31 43 31 43 43 43 43 43 43 43 43 43 43 43 43 43 43 43 31 43 31 43 31 43 43 43 43 43 43 43 43 31 43 43 43 31 43 43 
0 1 2 3 1 19 6 7 8 9 10 11 12 13 14 15 16 39 18 19 20 21 22 23 24 40 26 27 44 29 30 31 32 33 34 35 36 41 10 39 40 41 42 43 44 45 46 47 48 
0 47 15 3 47 7 6 7 8 9 8 11 12 13 14 15 6 45 18 7 0 21 22 23 24 24 26 27 45 29 30 31 32 42 34 35 45 27 8 45 24 27 42 43 45 45 46 47 48 
46 46 46 46 46 46 46 46 46 46 46 46 31 46 46 46 46 46 46 46 46 46 46 46 31 31 46 46 46 46 46 31 46 46 31 46 46 46 46 46 31 46 46 31 46 46 46 46 46 
35 47 21 35 47 7 32 7 47 21 47 13 12 13 14 21 32 47 32 7 35 21 22 23 24 24 35 47 47 13 32 31 32 13 34 35 47 47 47 47 24 47 13 43 47 47 46 47 21 
26 21 48 26 21 22 48 22 48 48 48 11 12 13 14 48 48 48 48 22 26 21 22 22 12 12 26 48 48 11 48 31 21 11 12 35 48 48 48 48 12 48 11 43 48 48 46 21 48 

