0 1 2 61 4 5 6 7 8 9 10 11 12 13 14 15 16 17 18 19 20 21 4 23 24 25 61 27 28 2 0 2 32 33 44 0 36 6 38 39 40 39 42 43 44 45 40 44 48 49 50 51 52 40 39 55 4 57 58 59 60 61 62 6 
1 1 1 1 1 1 59 1 1 1 1 59 21 1 1 1 1 1 1 1 1 21 1 1 1 1 1 1 21 1 1 1 1 21 21 1 1 59 1 1 1 1 1 1 21 1 1 21 1 21 1 59 1 1 1 59 1 1 1 59 59 1 1 59 
2 1 2 61 4 5 6 7 8 9 57 11 12 13 14 15 16 25 18 14 20 21 4 23 24 25 61 27 28 2 2 2 32 33 44 2 5 6 43 39 40 39 42 43 44 45 40 44 48 49 50 51 52 40 39 55 4 57 58 59 60 61 62 6 
61 1 61 3 4 58 6 7 8 9 62 11 12 13 23 15 16 18 18 23 20 21 22 23 24 18 26 27 28 3 3 26 32 33 34 26 58 37 24 39 40 41 42 24 44 45 46 47 48 49 50 51 52 53 54 55 56 62 58 59 60 61 62 63 
4 1 4 4 4 50 6 7 7 52 52 11 12 48 48 15 16 7 7 48 20 21 4 48 15 7 4 50 28 4 4 4 32 33 44 4 50 6 15 4 40 4 15 15 44 45 40 44 48 49 50 51 52 40 4 55 4 52 50 59 60 4 52 6 
5 1 5 58 50 5 11 50 27 9 57 11 33 13 14 15 16 5 58 14 20 21 50 23 24 5 58 27 28 5 5 5 32 33 33 5 5 11 43 27 20 27 42 43 33 20 20 33 48 49 50 51 52 20 27 55 50 57 58 59 11 58 62 11 
6 59 6 6 6 11 6 60 60 59 59 11 60 55 55 51 55 60 60 55 11 59 6 55 51 60 6 11 55 6 6 6 51 11 6 6 11 6 51 6 6 6 51 51 6 60 6 6 55 51 11 51 59 6 6 55 6 59 11 59 60 6 59 6 
7 1 7 7 7 50 60 7 7 52 52 11 12 48 48 15 16 7 7 48 20 21 7 48 15 7 7 50 28 7 7 7 32 33 12 7 50 60 15 7 45 7 15 15 12 45 45 12 48 49 50 51 52 45 7 55 7 52 50 59 60 7 52 60 
8 1 8 8 7 27 60 7 8 9 9 11 12 13 13 15 16 8 8 13 20 21 7 13 42 8 8 27 28 8 8 8 32 33 12 8 27 60 42 8 45 8 42 42 12 45 45 12 48 49 50 51 52 45 8 55 7 9 27 59 60 8 9 60 
9 1 9 9 52 9 59 52 9 9 9 59 21 9 9 52 1 9 9 9 1 21 52 9 9 9 9 9 21 9 9 9 1 21 21 9 9 59 9 9 1 9 9 9 21 1 1 21 52 21 52 59 52 1 9 59 52 9 9 59 59 9 9 59 
10 1 57 62 52 57 59 52 9 9 10 59 21 9 57 52 1 10 62 10 1 21 52 62 62 57 62 9 21 57 10 57 1 21 21 10 10 59 10 9 1 9 9 57 21 1 1 21 52 21 52 59 52 1 9 59 52 57 62 59 59 62 62 59 
11 59 11 11 11 11 11 11 11 59 59 11 11 55 55 51 55 11 11 55 11 59 11 55 51 11 11 11 55 11 11 11 51 11 11 11 11 11 51 11 11 11 51 51 11 11 11 11 55 51 11 51 59 11 11 55 11 59 11 59 11 11 59 11 
12 21 12 12 12 33 60 12 12 21 21 11 12 28 28 49 28 12 12 28 33 21 12 28 49 12 12 33 28 12 12 12 49 33 12 12 33 60 49 12 12 12 49 49 12 12 12 12 28 49 33 51 21 12 12 55 12 21 33 59 60 12 21 60 
13 1 13 13 48 13 55 48 13 9 9 55 28 13 13 48 16 13 13 13 16 21 48 13 13 13 13 13 28 13 13 13 16 28 28 13 13 55 13 13 16 13 13 13 28 16 16 28 48 28 48 55 52 16 13 55 48 9 13 59 55 13 9 55 
14 1 14 23 48 14 55 48 13 9 57 55 28 13 14 48 16 14 23 14 16 21 48 23 23 14 23 13 28 14 14 14 16 28 28 14 14 55 14 13 16 13 13 14 28 16 16 28 48 28 48 55 52 16 13 55 48 57 23 59 55 23 62 55 
15 1 15 15 15 15 51 15 15 52 52 51 49 48 48 15 16 15 15 48 32 21 15 48 15 15 15 15 28 15 15 15 32 49 49 15 15 51 15 15 32 15 15 15 49 32 32 49 48 49 15 51 52 32 15 55 15 52 15 59 51 15 52 51 
16 1 16 16 16 16 55 16 16 1 1 55 28 16 16 16 16 16 16 16 16 21 16 16 16 16 16 16 28 16 16 16 16 28 28 16 16 55 16 16 16 16 16 16 28 16 16 28 16 28 16 55 1 16 16 55 16 1 16 59 55 16 1 55 
17 1 25 18 7 5 60 7 8 9 10 11 12 13 14 15 16 17 18 19 20 21 7 23 24 25 18 27 28 25 17 25 32 33 12 17 36 60 38 8 45 8 42 43 12 45 45 12 48 49 50 51 52 45 8 55 7 57 58 59 60 18 62 60 
18 1 18 18 7 58 60 7 8 9 62 11 12 13 23 15 16 18 18 23 20 21 7 23 24 18 18 27 28 18 18 18 32 33 12 18 58 60 24 8 45 8 42 24 12 45 45 12 48 49 50 51 52 45 8 55 7 62 58 59 60 18 62 60 
19 1 14 23 48 14 55 48 13 9 10 55 28 13 14 48 16 19 23 19 16 21 48 23 23 14 23 13 28 14 19 14 16 28 28 19 19 55 19 13 16 13 13 14 28 16 16 28 48 28 48 55 52 16 13 55 48 57 23 59 55 23 62 55 
20 1 20 20 20 20 11 20 20 1 1 11 33 16 16 32 16 20 20 16 20 21 20 16 32 20 20 20 28 20 20 20 32 33 33 20 20 11 32 20 20 20 32 32 33 20 20 33 16 49 20 51 1 20 20 55 20 1 20 59 11 20 1 11 
21 21 21 21 21 21 59 21 21 21 21 59 21 21 21 21 21 21 21 21 21 21 21 21 21 21 21 21 21 21 21 21 21 21 21 21 21 59 21 21 21 21 21 21 21 21 21 21 21 21 21 59 21 21 21 59 21 21 21 59 59 21 21 59 
4 1 4 22 4 50 6 7 7 52 52 11 12 48 48 15 16 7 7 48 20 21 22 48 15 7 56 50 28 22 22 56 32 33 34 56 50 37 15 4 40 22 15 15 44 45 46 47 48 49 50 51 52 53 56 55 56 52 50 59 60 4 52 63 
23 1 23 23 48 23 55 48 13 9 62 55 28 13 23 48 16 23 23 23 16 21 48 23 23 23 23 13 28 23 23 23 16 28 28 23 23 55 23 13 16 13 13 23 28 16 16 28 48 28 48 55 52 16 13 55 48 62 23 59 55 23 62 55 
24 1 24 24 15 24 51 15 42 9 62 51 49 13 23 15 16 24 24 23 32 21 15 23 24 24 24 42 28 24 24 24 32 49 49 24 24 51 24 42 32 42 42 24 49 32 32 49 48 49 15 51 52 32 42 55 15 62 24 59 51 24 62 51 
25 1 25 18 7 5 60 7 8 9 57 11 12 13 14 15 16 25 18 14 20 21 7 23 24 25 18 27 28 25 25 25 32 33 12 25 5 60 43 8 45 8 42 43 12 45 45 12 48 49 50 51 52 45 8 55 7 57 58 59 60 18 62 60 
61 1 61 26 4 58 6 7 8 9 62 11 12 13 23 15 16 18 18 23 20 21 56 23 24 18 26 27 28 26 26 26 32 33 34 26 58 63 24 39 40 54 42 24 44 45 53 34 48 49 50 51 52 53 54 55 56 62 58 59 60 61 62 63 
27 1 27 27 50 27 11 50 27 9 9 11 33 13 13 15 16 27 27 13 20 21 50 13 42 27 27 27 28 27 27 27 32 33 33 27 27 11 42 27 20 27 42 42 33 20 20 33 48 49 50 51 52 20 27 55 50 9 27 59 11 27 9 11 
28 21 28 28 28 28 55 28 28 21 21 55 28 28 28 28 28 28 28 28 28 21 28 28 28 28 28 28 28 28 28 28 28 28 28 28 28 55 28 28 28 28 28 28 28 28 28 28 28 28 28 55 21 28 28 55 28 21 28 59 55 28 21 55 
2 1 2 3 4 5 6 7 8 9 57 11 12 13 14 15 16 25 18 14 20 21 22 23 24 25 26 27 28 29 29 31 32 33 34 31 5 37 43 39 40 41 42 43 44 45 46 47 48 49 50 51 52 53 54 55 56 57 58 59 60 61 62 63 
0 1 2 3 4 5 6 7 8 9 10 11 12 13 14 15 16 17 18 19 20 21 22 23 24 25 26 27 28 29 30 31 32 33 34 35 36 37 38 39 40 41 42 43 44 45 46 47 48 49 50 51 52 53 54 55 56 57 58 59 60 61 62 63 
2 1 2 26 4 5 6 7 8 9 57 11 12 13 14 15 16 25 18 14 20 21 56 23 24 25 26 27 28 31 31 31 32 33 34 31 5 63 43 39 40 54 42 43 44 45 53 34 48 49 50 51 52 53 54 55 56 57 58 59 60 61 62 63 
32 1 32 32 32 32 51 32 32 1 1 51 49 16 16 32 16 32 32 16 32 21 32 16 32 32 32 32 28 32 32 32 32 49 49 32 32 51 32 32 32 32 32 32 49 32 32 49 16 49 32 51 1 32 32 55 32 1 32 59 51 32 1 51 
33 21 33 33 33 33 11 33 33 21 21 11 33 28 28 49 28 33 33 28 33 21 33 28 49 33 33 33 28 33 33 33 49 33 33 33 33 11 49 33 33 33 49 49 33 33 33 33 28 49 33 51 21 33 33 55 33 21 33 59 11 33 21 11 
44 21 44 34 44 33 6 12 12 21 21 11 12 28 28 49 28 12 12 28 33 21 34 28 49 12 34 33 28 34 34 34 49 33 34 34 33 63 49 44 44 34 49 49 44 12 34 34 28 49 33 51 21 34 34 55 34 21 33 59 60 44 21 63 
0 1 2 26 4 5 6 7 8 9 10 11 12 13 14 15 16 17 18 19 20 21 56 23 24 25 26 27 28 31 35 31 32 33 34 35 36 63 38 39 40 54 42 43 44 45 53 34 48 49 50 51 52 53 54 55 56 57 58 59 60 61 62 63 
36 1 5 58 50 5 11 50 27 9 10 11 33 13 14 15 16 36 58 19 20 21 50 23 24 5 58 27 28 5 36 5 32 33 33 36 36 11 38 27 20 27 42 43 33 20 20 33 48 49 50 51 52 20 27 55 50 57 58 59 11 58 62 11 
6 59 6 37 6 11 6 60 60 59 59 11 60 55 55 51 55 60 60 55 11 59 37 55 51 60 63 11 55 37 37 63 51 11 63 63 11 37 51 6 6 37 51 51 6 60 37 37 55 51 11 51 59 63 63 55 63 59 11 59 60 6 59 63 
38 1 43 24 15 43 51 15 42 9 10 51 49 13 14 15 16 38 24 19 32 21 15 23 24 43 24 42 28 43 38 43 32 49 49 38 38 51 38 42 32 42 42 43 49 32 32 49 48 49 15 51 52 32 42 55 15 57 24 59 51 24 62 51 
39 1 39 39 4 27 6 7 8 9 9 11 12 13 13 15 16 8 8 13 20 21 4 13 42 8 39 27 28 39 39 39 32 33 44 39 27 6 42 39 40 39 42 42 44 45 40 44 48 49 50 51 52 40 39 55 4 9 27 59 60 39 9 6 
40 1 40 40 40 20 6 45 45 1 1 11 12 16 16 32 16 45 45 16 20 21 40 16 32 45 40 20 28 40 40 40 32 33 44 40 20 6 32 40 40 40 32 32 44 45 40 44 16 49 20 51 1 40 40 55 40 1 20 59 60 40 1 6 
39 1 39 41 4 27 6 7 8 9 9 11 12 13 13 15 16 8 8 13 20 21 22 13 42 8 54 27 28 41 41 54 32 33 34 54 27 37 42 39 40 41 42 42 44 45 46 47 48 49 50 51 52 53 54 55 56 9 27 59 60 39 9 63 
42 1 42 42 15 42 51 15 42 9 9 51 49 13 13 15 16 42 42 13 32 21 15 13 42 42 42 42 28 42 42 42 32 49 49 42 42 51 42 42 32 42 42 42 49 32 32 49 48 49 15 51 52 32 42 55 15 9 42 59 51 42 9 51 
43 1 43 24 15 43 51 15 42 9 57 51 49 13 14 15 16 43 24 14 32 21 15 23 24 43 24 42 28 43 43 43 32 49 49 43 43 51 43 42 32 42 42 43 49 32 32 49 48 49 15 51 52 32 42 55 15 57 24 59 51 24 62 51 
44 21 44 44 44 33 6 12 12 21 21 11 12 28 28 49 28 12 12 28 33 21 44 28 49 12 44 33 28 44 44 44 49 33 44 44 33 6 49 44 44 44 49 49 44 12 44 44 28 49 33 51 21 44 44 55 44 21 33 59 60 44 21 6 
45 1 45 45 45 20 60 45 45 1 1 11 12 16 16 32 16 45 45 16 20 21 45 16 32 45 45 20 28 45 45 45 32 33 12 45 20 60 32 45 45 45 32 32 12 45 45 12 16 49 20 51 1 45 45 55 45 1 20 59 60 45 1 60 
40 1 40 46 40 20 6 45 45 1 1 11 12 16 16 32 16 45 45 16 20 21 46 16 32 45 53 20 28 46 46 53 32 33 34 53 20 37 32 40 40 46 32 32 44 45 46 47 16 49 20 51 1 53 53 55 53 1 20 59 60 40 1 63 
44 21 44 47 44 33 6 12 12 21 21 11 12 28 28 49 28 12 12 28 33 21 47 28 49 12 34 33 28 47 47 34 49 33 34 34 33 37 49 44 44 47 49 49 44 12 47 47 28 49 33 51 21 34 34 55 34 21 33 59 60 44 21 63 
48 1 48 48 48 48 55 48 48 52 52 55 28 48 48 48 16 48 48 48 16 21 48 48 48 48 48 48 28 48 48 48 16 28 28 48 48 55 48 48 16 48 48 48 28 16 16 28 48 28 48 55 52 16 48 55 48 52 48 59 55 48 52 55 
49 21 49 49 49 49 51 49 49 21 21 51 49 28 28 49 28 49 49 28 49 21 49 28 49 49 49 49 28 49 49 49 49 49 49 49 49 51 49 49 49 49 49 49 49 49 49 49 28 49 49 51 21 49 49 55 49 21 49 59 51 49 21 51 
50 1 50 50 50 50 11 50 50 52 52 11 33 48 48 15 16 50 50 48 20 21 50 48 15 50 50 50 28 50 50 50 32 33 33 50 50 11 15 50 20 50 15 15 33 20 20 33 48 49 50 51 52 20 50 55 50 52 50 59 11 50 52 11 
51 59 51 51 51 51 51 51 51 59 59 51 51 55 55 51 55 51 51 55 51 59 51 55 51 51 51 51 55 51 51 51 51 51 51 51 51 51 51 51 51 51 51 51 51 51 51 51 55 51 51 51 59 51 51 55 51 59 51 59 51 51 59 51 
52 1 52 52 52 52 59 52 52 52 52 59 21 52 52 52 1 52 52 52 1 21 52 52 52 52 52 52 21 52 52 52 1 21 21 52 52 59 52 52 1 52 52 52 21 1 1 21 52 21 52 59 52 1 52 59 52 52 52 59 59 52 52 59 
40 1 40 53 40 20 6 45 45 1 1 11 12 16 16 32 16 45 45 16 20 21 53 16 32 45 53 20 28 53 53 53 32 33 34 53 20 63 32 40 40 53 32 32 44 45 53 34 16 49 20 51 1 53 53 55 53 1 20 59 60 40 1 63 
39 1 39 54 4 27 6 7 8 9 9 11 12 13 13 15 16 8 8 13 20 21 56 13 42 8 54 27 28 54 54 54 32 33 34 54 27 63 42 39 40 54 42 42 44 45 53 34 48 49 50 51 52 53 54 55 56 9 27 59 60 39 9 63 
55 59 55 55 55 55 55 55 55 59 59 55 55 55 55 55 55 55 55 55 55 59 55 55 55 55 55 55 55 55 55 55 55 55 55 55 55 55 55 55 55 55 55 55 55 55 55 55 55 55 55 55 59 55 55 55 55 59 55 59 55 55 59 55 
4 1 4 56 4 50 6 7 7 52 52 11 12 48 48 15 16 7 7 48 20 21 56 48 15 7 56 50 28 56 56 56 32 33 34 56 50 63 15 4 40 56 15 15 44 45 53 34 48 49 50 51 52 53 56 55 56 52 50 59 60 4 52 63 
57 1 57 62 52 57 59 52 9 9 57 59 21 9 57 52 1 57 62 57 1 21 52 62 62 57 62 9 21 57 57 57 1 21 21 57 57 59 57 9 1 9 9 57 21 1 1 21 52 21 52 59 52 1 9 59 52 57 62 59 59 62 62 59 
58 1 58 58 50 58 11 50 27 9 62 11 33 13 23 15 16 58 58 23 20 21 50 23 24 58 58 27 28 58 58 58 32 33 33 58 58 11 24 27 20 27 42 24 33 20 20 33 48 49 50 51 52 20 27 55 50 62 58 59 11 58 62 11 
59 59 59 59 59 59 59 59 59 59 59 59 59 59 59 59 59 59 59 59 59 59 59 59 59 59 59 59 59 59 59 59 59 59 59 59 59 59 59 59 59 59 59 59 59 59 59 59 59 59 59 59 59 59 59 59 59 59 59 59 59 59 59 59 
60 59 60 60 60 11 60 60 60 59 59 11 60 55 55 51 55 60 60 55 11 59 60 55 51 60 60 11 55 60 60 60 51 11 60 60 11 60 51 60 60 60 51 51 60 60 60 60 55 51 11 51 59 60 60 55 60 59 11 59 60 60 59 60 
61 1 61 61 4 58 6 7 8 9 62 11 12 13 23 15 16 18 18 23 20 21 4 23 24 18 61 27 28 61 61 61 32 33 44 61 58 6 24 39 40 39 42 24 44 45 40 44 48 49 50 51 52 40 39 55 4 62 58 59 60 61 62 6 
62 1 62 62 52 62 59 52 9 9 62 59 21 9 62 52 1 62 62 62 1 21 52 62 62 62 62 9 21 62 62 62 1 21 21 62 62 59 62 9 1 9 9 62 21 1 1 21 52 21 52 59 52 1 9 59 52 62 62 59 59 62 62 59 
6 59 6 63 6 11 6 60 60 59 59 11 60 55 55 51 55 60 60 55 11 59 63 55 51 60 63 11 55 63 63 63 51 11 63 63 11 63 51 6 6 63 51 51 6 60 63 63 55 51 11 51 59 63 63 55 63 59 11 59 60 6 59 63 

