0 0 0 0 0 0 0 0 0 55 0 0 0 0 0 0 0 0 0 0 55 0 0 55 0 0 0 0 0 0 55 0 55 0 0 0 55 0 0 0 0 0 0 0 0 0 0 0 0 0 0 0 0 0 0 55 0 55 0 0 0 0 0 0 
0 1 1 1 0 1 0 1 0 55 1 1 1 1 1 1 1 1 1 1 55 1 1 55 0 1 0 1 1 1 55 0 55 1 1 1 55 1 1 1 1 1 1 1 1 1 1 1 1 1 1 1 1 1 1 55 0 55 1 1 1 1 1 1 
0 1 2 3 31 29 6 46 31 36 2 42 3 51 2 2 2 46 18 46 36 51 2 23 31 42 26 29 2 29 30 31 36 42 2 29 36 3 38 39 3 42 42 2 2 45 46 2 2 2 2 51 52 2 2 55 31 36 2 51 2 2 51 2 
0 1 3 3 0 3 0 3 0 55 3 39 3 1 3 3 3 3 1 3 55 1 3 55 0 39 0 3 3 3 55 0 55 39 3 3 55 3 39 39 3 39 39 3 3 39 3 3 3 3 3 1 1 3 3 55 0 55 3 1 3 3 1 3 
0 0 31 0 4 26 6 6 8 9 4 8 0 24 31 31 24 6 6 6 20 4 24 23 24 56 26 26 24 26 30 31 32 24 8 26 36 0 6 0 0 4 31 8 24 26 6 8 4 56 56 31 26 56 4 55 56 57 31 8 4 56 56 8 
0 1 29 3 26 5 6 7 26 23 5 45 37 52 5 5 5 7 18 7 23 52 29 23 26 45 26 5 5 29 30 26 23 45 5 5 23 37 38 39 37 45 45 29 5 45 46 5 5 5 5 52 52 5 5 55 26 23 5 52 29 29 52 5 
0 0 6 0 6 6 6 6 6 30 6 6 0 6 6 6 6 6 6 6 30 6 6 30 6 6 6 6 6 6 30 6 30 6 6 6 30 0 6 0 0 6 6 6 6 6 6 6 6 6 6 6 6 6 6 55 6 30 6 6 6 6 6 6 
0 1 46 3 6 7 6 7 6 30 7 38 37 18 7 7 7 7 18 7 30 18 46 30 6 38 6 7 7 46 30 6 30 38 7 7 30 37 38 39 37 38 38 46 7 38 46 7 7 7 7 18 18 7 7 55 6 30 7 18 46 46 18 7 
0 0 31 0 8 26 6 6 8 9 8 8 0 24 31 31 24 6 6 6 20 8 24 23 24 8 26 26 24 26 30 31 9 24 8 26 36 0 6 0 0 8 31 8 24 26 6 8 8 8 8 31 26 8 8 55 8 9 31 8 8 8 8 8 
55 55 36 55 9 23 30 30 9 9 9 9 55 20 36 36 20 30 30 30 20 9 20 23 20 9 23 23 20 23 30 36 9 20 9 23 36 55 30 55 55 9 36 9 20 23 30 9 9 9 9 36 23 9 9 55 9 9 36 9 9 9 9 9 
0 1 2 3 4 5 6 7 8 9 10 11 40 13 14 15 16 17 18 17 20 21 22 23 24 25 26 35 44 29 30 31 32 33 47 35 36 37 38 39 40 41 42 43 44 45 46 47 10 50 50 51 52 53 54 55 56 57 15 59 60 61 62 63 
0 1 42 39 8 45 6 38 8 9 11 11 39 13 42 42 33 38 18 38 20 59 33 23 24 11 26 45 33 45 30 31 9 33 11 45 36 39 38 39 39 11 42 11 33 45 38 11 11 11 11 51 52 11 11 55 8 9 42 59 11 11 59 11 
0 1 3 3 0 37 0 37 0 55 40 39 12 1 37 40 37 40 1 12 55 1 3 55 0 39 0 12 12 3 55 0 55 39 12 40 55 37 39 39 40 39 39 3 40 39 3 40 12 12 40 1 1 37 37 55 0 55 12 1 3 3 1 37 
0 1 51 1 24 52 6 18 24 20 13 13 1 13 51 51 13 18 18 18 20 13 13 23 24 13 26 52 13 52 30 31 20 13 13 52 36 1 18 1 1 13 51 13 13 52 18 13 13 13 13 51 52 13 13 55 24 20 51 13 13 13 13 13 
0 1 2 3 31 5 6 7 31 36 14 42 37 51 14 14 14 7 18 7 36 51 2 23 31 42 26 5 14 29 30 31 36 42 14 5 36 37 38 39 37 42 42 2 14 45 46 14 14 14 14 51 52 14 14 55 31 36 14 51 2 2 51 14 
0 1 2 3 31 5 6 7 31 36 15 42 40 51 14 15 14 17 18 17 36 51 2 23 31 42 26 35 15 29 30 31 36 42 15 35 36 37 38 39 40 42 42 2 15 45 46 15 15 15 15 51 52 14 14 55 31 36 15 51 2 2 51 14 
0 1 2 3 24 5 6 7 24 20 16 33 37 13 14 14 16 7 18 7 20 13 22 23 24 33 26 5 16 29 30 31 20 33 16 5 36 37 38 39 37 33 42 22 16 45 46 16 16 16 16 51 52 16 16 55 24 20 14 13 22 22 13 16 
0 1 46 3 6 7 6 7 6 30 17 38 40 18 7 17 7 17 18 17 30 18 46 30 6 38 6 17 17 46 30 6 30 38 17 17 30 37 38 39 40 38 38 46 17 38 46 17 17 17 17 18 18 7 7 55 6 30 17 18 46 46 18 7 
0 1 18 1 6 18 6 18 6 30 18 18 1 18 18 18 18 18 18 18 30 18 18 30 6 18 6 18 18 18 30 6 30 18 18 18 30 1 18 1 1 18 18 18 18 18 18 18 18 18 18 18 18 18 18 55 6 30 18 18 18 18 18 18 
0 1 46 3 6 7 6 7 6 30 17 38 12 18 7 17 7 17 18 19 30 18 46 30 6 38 6 19 19 46 30 6 30 38 19 17 30 37 38 39 40 38 38 46 17 38 46 17 19 19 17 18 18 7 7 55 6 30 19 18 46 46 18 7 
55 55 36 55 20 23 30 30 20 20 20 20 55 20 36 36 20 30 30 30 20 20 20 23 20 20 23 23 20 23 30 36 20 20 20 23 36 55 30 55 55 20 36 20 20 23 30 20 20 20 20 36 23 20 20 55 20 20 36 20 20 20 20 20 
0 1 51 1 4 52 6 18 8 9 21 59 1 13 51 51 13 18 18 18 20 21 13 23 24 62 26 52 13 52 30 31 32 13 59 52 36 1 18 1 1 21 51 59 13 52 18 59 21 62 62 51 52 62 21 55 56 57 51 59 21 62 62 59 
0 1 2 3 24 29 6 46 24 20 22 33 3 13 2 2 22 46 18 46 20 13 22 23 24 33 26 29 22 29 30 31 20 33 22 29 36 3 38 39 3 33 42 22 22 45 46 22 22 22 22 51 52 22 22 55 24 20 2 13 22 22 13 22 
55 55 23 55 23 23 30 30 23 23 23 23 55 23 23 23 23 30 30 30 23 23 23 23 23 23 23 23 23 23 30 23 23 23 23 23 23 55 30 55 55 23 23 23 23 23 30 23 23 23 23 23 23 23 23 55 23 23 23 23 23 23 23 23 
0 0 31 0 24 26 6 6 24 20 24 24 0 24 31 31 24 6 6 6 20 24 24 23 24 24 26 26 24 26 30 31 20 24 24 26 36 0 6 0 0 24 31 24 24 26 6 24 24 24 24 31 26 24 24 55 24 20 31 24 24 24 24 24 
0 1 42 39 56 45 6 38 8 9 25 11 39 13 42 42 33 38 18 38 20 62 33 23 24 25 26 45 33 45 30 31 32 33 11 45 36 39 38 39 39 25 42 11 33 45 38 11 25 25 25 51 52 25 25 55 56 32 42 59 25 25 62 11 
0 0 26 0 26 26 6 6 26 23 26 26 0 26 26 26 26 6 6 6 23 26 26 23 26 26 26 26 26 26 30 26 23 26 26 26 23 0 6 0 0 26 26 26 26 26 6 26 26 26 26 26 26 26 26 55 26 23 26 26 26 26 26 26 
0 1 29 3 26 5 6 7 26 23 35 45 12 52 5 35 5 17 18 19 23 52 29 23 26 45 26 27 27 29 30 26 23 45 27 35 23 37 38 39 40 45 45 29 35 45 46 35 27 27 35 52 52 5 5 55 26 23 27 52 29 29 52 5 
0 1 2 3 24 5 6 7 24 20 44 33 12 13 14 15 16 17 18 19 20 13 22 23 24 33 26 27 28 29 30 31 20 33 28 35 36 37 38 39 40 33 42 22 44 45 46 44 28 28 44 51 52 16 16 55 24 20 58 13 22 22 13 16 
0 1 29 3 26 29 6 46 26 23 29 45 3 52 29 29 29 46 18 46 23 52 29 23 26 45 26 29 29 29 30 26 23 45 29 29 23 3 38 39 3 45 45 29 29 45 46 29 29 29 29 52 52 29 29 55 26 23 29 52 29 29 52 29 
55 55 30 55 30 30 30 30 30 30 30 30 55 30 30 30 30 30 30 30 30 30 30 30 30 30 30 30 30 30 30 30 30 30 30 30 30 55 30 55 55 30 30 30 30 30 30 30 30 30 30 30 30 30 30 55 30 30 30 30 30 30 30 30 
0 0 31 0 31 26 6 6 31 36 31 31 0 31 31 31 31 6 6 6 36 31 31 23 31 31 26 26 31 26 30 31 36 31 31 26 36 0 6 0 0 31 31 31 31 26 6 31 31 31 31 31 26 31 31 55 31 36 31 31 31 31 31 31 
55 55 36 55 32 23 30 30 9 9 32 9 55 20 36 36 20 30 30 30 20 32 20 23 20 32 23 23 20 23 30 36 32 20 9 23 36 55 30 55 55 32 36 9 20 23 30 9 32 32 32 36 23 32 32 55 32 32 36 9 32 32 32 9 
0 1 42 39 24 45 6 38 24 20 33 33 39 13 42 42 33 38 18 38 20 13 33 23 24 33 26 45 33 45 30 31 20 33 33 45 36 39 38 39 39 33 42 33 33 45 38 33 33 33 33 51 52 33 33 55 24 20 42 13 33 33 13 33 
0 1 2 3 8 5 6 7 8 9 47 11 12 13 14 15 16 17 18 19 20 59 22 23 24 11 26 27 28 29 30 31 9 33 34 35 36 37 38 39 40 11 42 43 44 45 46 47 34 34 47 51 52 63 63 55 8 9 58 59 43 43 59 63 
0 1 29 3 26 5 6 7 26 23 35 45 40 52 5 35 5 17 18 17 23 52 29 23 26 45 26 35 35 29 30 26 23 45 35 35 23 37 38 39 40 45 45 29 35 45 46 35 35 35 35 52 52 5 5 55 26 23 35 52 29 29 52 5 
55 55 36 55 36 23 30 30 36 36 36 36 55 36 36 36 36 30 30 30 36 36 36 23 36 36 23 23 36 23 30 36 36 36 36 23 36 55 30 55 55 36 36 36 36 23 30 36 36 36 36 36 23 36 36 55 36 36 36 36 36 36 36 36 
0 1 3 3 0 37 0 37 0 55 37 39 37 1 37 37 37 37 1 37 55 1 3 55 0 39 0 37 37 3 55 0 55 39 37 37 55 37 39 39 37 39 39 3 37 39 3 37 37 37 37 1 1 37 37 55 0 55 37 1 3 3 1 37 
0 1 38 39 6 38 6 38 6 30 38 38 39 18 38 38 38 38 18 38 30 18 38 30 6 38 6 38 38 38 30 6 30 38 38 38 30 39 38 39 39 38 38 38 38 38 38 38 38 38 38 18 18 38 38 55 6 30 38 18 38 38 18 38 
0 1 39 39 0 39 0 39 0 55 39 39 39 1 39 39 39 39 1 39 55 1 39 55 0 39 0 39 39 39 55 0 55 39 39 39 55 39 39 39 39 39 39 39 39 39 39 39 39 39 39 1 1 39 39 55 0 55 39 1 39 39 1 39 
0 1 3 3 0 37 0 37 0 55 40 39 40 1 37 40 37 40 1 40 55 1 3 55 0 39 0 40 40 3 55 0 55 39 40 40 55 37 39 39 40 39 39 3 40 39 3 40 40 40 40 1 1 37 37 55 0 55 40 1 3 3 1 37 
0 1 42 39 4 45 6 38 8 9 41 11 39 13 42 42 33 38 18 38 20 21 33 23 24 25 26 45 33 45 30 31 32 33 11 45 36 39 38 39 39 41 42 11 33 45 38 11 41 25 25 51 52 25 41 55 56 57 42 59 41 25 62 11 
0 1 42 39 31 45 6 38 31 36 42 42 39 51 42 42 42 38 18 38 36 51 42 23 31 42 26 45 42 45 30 31 36 42 42 45 36 39 38 39 39 42 42 42 42 45 38 42 42 42 42 51 52 42 42 55 31 36 42 51 42 42 51 42 
0 1 2 3 8 29 6 46 8 9 43 11 3 13 2 2 22 46 18 46 20 59 22 23 24 11 26 29 22 29 30 31 9 33 43 29 36 3 38 39 3 11 42 43 22 45 46 43 43 43 43 51 52 43 43 55 8 9 2 59 43 43 59 43 
0 1 2 3 24 5 6 7 24 20 44 33 40 13 14 15 16 17 18 17 20 13 22 23 24 33 26 35 44 29 30 31 20 33 44 35 36 37 38 39 40 33 42 22 44 45 46 44 44 44 44 51 52 16 16 55 24 20 15 13 22 22 13 16 
0 1 45 39 26 45 6 38 26 23 45 45 39 52 45 45 45 38 18 38 23 52 45 23 26 45 26 45 45 45 30 26 23 45 45 45 23 39 38 39 39 45 45 45 45 45 38 45 45 45 45 52 52 45 45 55 26 23 45 52 45 45 52 45 
0 1 46 3 6 46 6 46 6 30 46 38 3 18 46 46 46 46 18 46 30 18 46 30 6 38 6 46 46 46 30 6 30 38 46 46 30 3 38 39 3 38 38 46 46 38 46 46 46 46 46 18 18 46 46 55 6 30 46 18 46 46 18 46 
0 1 2 3 8 5 6 7 8 9 47 11 40 13 14 15 16 17 18 17 20 59 22 23 24 11 26 35 44 29 30 31 9 33 47 35 36 37 38 39 40 11 42 43 44 45 46 47 47 47 47 51 52 63 63 55 8 9 15 59 43 43 59 63 
0 1 2 3 4 5 6 7 8 9 10 11 12 13 14 15 16 17 18 19 20 21 22 23 24 25 26 27 28 29 30 31 32 33 34 35 36 37 38 39 40 41 42 43 44 45 46 47 48 49 50 51 52 53 54 55 56 57 58 59 60 61 62 63 
0 1 2 3 56 5 6 7 8 9 50 11 12 13 14 15 16 17 18 19 20 62 22 23 24 25 26 27 28 29 30 31 32 33 34 35 36 37 38 39 40 25 42 43 44 45 46 47 49 49 50 51 52 53 53 55 56 32 58 59 61 61 62 63 
0 1 2 3 56 5 6 7 8 9 50 11 40 13 14 15 16 17 18 17 20 62 22 23 24 25 26 35 44 29 30 31 32 33 47 35 36 37 38 39 40 25 42 43 44 45 46 47 50 50 50 51 52 53 53 55 56 32 15 59 61 61 62 63 
0 1 51 1 31 52 6 18 31 36 51 51 1 51 51 51 51 18 18 18 36 51 51 23 31 51 26 52 51 52 30 31 36 51 51 52 36 1 18 1 1 51 51 51 51 52 18 51 51 51 51 51 52 51 51 55 31 36 51 51 51 51 51 51 
0 1 52 1 26 52 6 18 26 23 52 52 1 52 52 52 52 18 18 18 23 52 52 23 26 52 26 52 52 52 30 26 23 52 52 52 23 1 18 1 1 52 52 52 52 52 18 52 52 52 52 52 52 52 52 55 26 23 52 52 52 52 52 52 
0 1 2 3 56 5 6 7 8 9 53 11 37 13 14 14 16 7 18 7 20 62 22 23 24 25 26 5 16 29 30 31 32 33 63 5 36 37 38 39 37 25 42 43 16 45 46 63 53 53 53 51 52 53 53 55 56 32 14 59 61 61 62 63 
0 1 2 3 4 5 6 7 8 9 54 11 37 13 14 14 16 7 18 7 20 21 22 23 24 25 26 5 16 29 30 31 32 33 63 5 36 37 38 39 37 41 42 43 16 45 46 63 54 53 53 51 52 53 54 55 56 57 14 59 60 61 62 63 
55 55 55 55 55 55 55 55 55 55 55 55 55 55 55 55 55 55 55 55 55 55 55 55 55 55 55 55 55 55 55 55 55 55 55 55 55 55 55 55 55 55 55 55 55 55 55 55 55 55 55 55 55 55 55 55 55 55 55 55 55 55 55 55 
0 0 31 0 56 26 6 6 8 9 56 8 0 24 31 31 24 6 6 6 20 56 24 23 24 56 26 26 24 26 30 31 32 24 8 26 36 0 6 0 0 56 31 8 24 26 6 8 56 56 56 31 26 56 56 55 56 32 31 8 56 56 56 8 
55 55 36 55 57 23 30 30 9 9 57 9 55 20 36 36 20 30 30 30 20 57 20 23 20 32 23 23 20 23 30 36 32 20 9 23 36 55 30 55 55 57 36 9 20 23 30 9 57 32 32 36 23 32 57 55 32 57 36 9 57 32 32 9 
0 1 2 3 31 5 6 7 31 36 15 42 12 51 14 15 14 17 18 19 36 51 2 23 31 42 26 27 58 29 30 31 36 42 58 35 36 37 38 39 40 42 42 2 15 45 46 15 58 58 15 51 52 14 14 55 31 36 58 51 2 2 51 14 
0 1 51 1 8 52 6 18 8 9 59 59 1 13 51 51 13 18 18 18 20 59 13 23 24 59 26 52 13 52 30 31 9 13 59 52 36 1 18 1 1 59 51 59 13 52 18 59 59 59 59 51 52 59 59 55 8 9 51 59 59 59 59 59 
0 1 2 3 4 29 6 46 8 9 60 11 3 13 2 2 22 46 18 46 20 21 22 23 24 25 26 29 22 29 30 31 32 33 43 29 36 3 38 39 3 41 42 43 22 45 46 43 60 61 61 51 52 61 60 55 56 57 2 59 60 61 62 43 
0 1 2 3 56 29 6 46 8 9 61 11 3 13 2 2 22 46 18 46 20 62 22 23 24 25 26 29 22 29 30 31 32 33 43 29 36 3 38 39 3 25 42 43 22 45 46 43 61 61 61 51 52 61 61 55 56 32 2 59 61 61 62 43 
0 1 51 1 56 52 6 18 8 9 62 59 1 13 51 51 13 18 18 18 20 62 13 23 24 62 26 52 13 52 30 31 32 13 59 52 36 1 18 1 1 62 51 59 13 52 18 59 62 62 62 51 52 62 62 55 56 32 51 59 62 62 62 59 
0 1 2 3 8 5 6 7 8 9 63 11 37 13 14 14 16 7 18 7 20 59 22 23 24 11 26 5 16 29 30 31 9 33 63 5 36 37 38 39 37 11 42 43 16 45 46 63 63 63 63 51 52 63 63 55 8 9 14 59 43 43 59 63 

