0 55 0 3 0 0 54 13 76 0 37 41 55 13 14 15 13 14 37 55 76 21 22 21 0 14 37 55 41 14 14 76 14 55 0 35 0 37 0 21 0 41 42 0 37 76 46 0 0 0 0 37 52 13 54 55 0 13 13 13 41 41 41 0 0 76 66 76 68 37 0 71 54 41 14 75 76 0 78 55 0 
55 1 1 3 33 1 68 7 8 19 79 11 12 13 14 15 16 17 27 19 20 15 22 15 27 25 19 27 28 29 30 31 32 33 55 15 79 55 79 15 1 41 42 19 12 45 46 12 33 12 55 1 68 53 68 55 33 57 58 59 60 61 62 12 19 65 66 67 68 33 79 71 68 73 74 75 76 27 78 79 27 
0 1 2 3 4 5 6 7 8 9 10 11 12 13 14 15 16 17 18 19 20 21 22 23 24 25 26 27 28 29 30 31 32 33 34 35 36 37 38 39 40 41 42 43 44 45 46 47 48 49 50 51 52 53 54 55 56 57 58 59 60 61 62 63 64 65 66 67 68 69 70 71 72 73 74 75 76 77 78 79 80 
3 3 3 3 3 3 3 3 3 3 3 3 3 3 3 71 3 3 3 3 3 71 3 71 3 3 3 3 3 3 3 3 3 3 3 71 3 3 3 71 3 3 3 3 3 3 71 3 3 3 3 3 3 3 3 3 3 3 3 3 3 3 3 3 3 3 71 3 3 3 3 71 3 3 3 71 3 3 3 3 3 
0 33 4 3 4 4 72 7 8 43 69 11 33 13 14 15 58 32 18 19 67 21 22 39 80 25 26 27 28 29 32 67 32 33 50 35 4 37 4 39 48 41 42 43 69 45 46 4 48 4 50 69 52 58 54 55 4 57 58 58 60 11 11 48 64 67 66 67 68 69 48 71 72 11 32 75 76 77 78 33 80 
0 1 5 3 4 5 72 7 8 43 10 11 12 13 14 15 16 17 18 19 20 21 22 39 80 25 26 27 28 29 30 31 32 33 50 35 36 37 36 39 40 41 42 43 44 45 46 47 48 47 50 51 52 53 54 55 4 57 58 59 60 61 62 63 64 65 66 67 68 69 70 71 72 73 74 75 76 77 78 79 80 
54 68 6 3 72 72 6 3 78 6 52 42 68 3 22 15 3 22 52 68 78 21 22 23 6 22 52 68 42 22 22 78 22 68 6 35 72 52 6 39 54 42 42 72 52 78 46 72 54 6 72 52 52 3 54 68 6 3 3 3 42 42 42 54 54 78 66 78 68 52 54 71 72 42 22 75 78 54 78 68 72 
13 7 7 3 7 7 3 7 7 7 7 7 7 13 13 71 7 7 7 7 7 71 3 71 7 7 7 7 7 7 7 7 7 7 13 71 7 13 7 71 7 13 3 7 7 7 71 7 7 7 13 7 3 7 3 13 7 7 7 7 7 7 7 7 7 7 71 7 3 7 7 71 3 7 7 71 13 7 3 7 7 
76 8 8 3 8 8 78 7 8 45 8 8 8 13 14 46 57 25 8 45 8 46 22 46 8 25 45 8 8 29 25 8 25 8 76 46 8 76 8 46 8 76 78 45 8 45 46 8 8 8 76 8 78 57 78 76 8 57 57 57 45 8 8 8 45 8 46 8 78 8 8 71 78 8 25 75 76 8 78 8 8 
0 19 9 3 43 43 6 7 45 9 26 60 19 13 14 15 7 29 26 19 45 21 22 23 9 29 26 19 60 29 29 45 29 19 34 35 43 37 9 39 64 41 42 43 26 45 46 43 64 9 50 26 52 7 54 55 9 7 7 7 60 60 60 64 64 45 66 45 68 26 64 71 72 60 29 75 76 64 78 19 43 
37 79 10 3 69 10 52 7 8 26 10 11 12 13 14 15 16 17 18 19 65 35 22 35 18 25 26 27 28 29 74 31 32 33 37 35 10 37 10 35 10 41 42 26 44 45 46 44 69 44 37 10 52 59 52 55 69 57 58 59 60 61 61 44 26 65 66 67 68 69 10 71 52 73 74 75 76 18 78 79 18 
41 11 11 3 11 11 42 7 8 60 11 11 11 13 14 66 58 32 28 60 67 66 22 66 28 25 60 28 28 29 32 67 32 11 41 66 11 41 11 66 11 41 42 60 11 45 46 11 11 11 41 11 42 58 42 41 11 57 58 58 60 11 11 11 60 67 66 67 42 11 11 71 42 11 32 75 76 28 78 11 28 
55 12 12 3 33 12 68 7 8 19 12 11 12 13 14 15 16 17 27 19 31 15 22 15 27 25 19 27 28 29 17 31 32 33 55 15 12 55 12 15 12 41 42 19 12 45 46 12 33 12 55 12 68 16 68 55 33 57 58 16 60 73 73 12 19 31 66 67 68 33 12 71 68 73 17 75 76 27 78 12 27 
13 13 13 3 13 13 3 13 13 13 13 13 13 13 13 71 13 13 13 13 13 71 3 71 13 13 13 13 13 13 13 13 13 13 13 71 13 13 13 71 13 13 3 13 13 13 71 13 13 13 13 13 3 13 3 13 13 13 13 13 13 13 13 13 13 13 71 13 3 13 13 71 3 13 13 71 13 13 3 13 13 
14 14 14 3 14 14 22 13 14 14 14 14 14 13 14 75 13 14 14 14 14 75 22 75 14 14 14 14 14 14 14 14 14 14 14 75 14 14 14 75 14 14 22 14 14 14 75 14 14 14 14 14 22 13 22 14 14 13 13 13 14 14 14 14 14 14 75 14 22 14 14 71 22 14 14 75 14 14 22 14 14 
15 15 15 71 15 15 15 71 46 15 15 66 15 71 75 15 71 75 15 15 46 15 75 15 15 75 15 15 66 75 75 46 75 15 15 15 15 15 15 15 15 66 66 15 15 46 46 15 15 15 15 15 15 71 15 15 15 71 71 71 66 66 66 15 15 46 66 46 15 15 15 71 15 66 75 75 46 15 46 15 15 
13 16 16 3 58 16 3 7 57 7 16 58 16 13 13 71 16 16 57 7 16 71 3 71 57 57 7 57 57 7 16 16 58 58 13 71 16 13 16 71 16 13 3 7 16 7 71 16 58 16 13 16 3 16 3 13 58 57 58 16 7 16 16 16 7 16 71 58 3 58 16 71 3 16 16 71 13 57 3 16 57 
14 17 17 3 32 17 22 7 25 29 17 32 17 13 14 75 16 17 25 29 17 75 22 75 25 25 29 25 25 29 17 17 32 32 14 75 17 14 17 75 17 14 22 29 17 29 75 17 32 17 14 17 22 16 22 14 32 57 58 16 29 17 17 17 29 17 75 32 22 32 17 71 22 17 17 75 14 25 22 17 25 
37 27 18 3 18 18 52 7 8 26 18 28 27 13 14 15 57 25 18 19 8 35 22 35 18 25 26 27 28 29 25 8 25 27 37 35 18 37 18 35 18 41 42 26 18 45 46 18 18 18 37 18 52 57 52 55 18 57 57 57 60 28 28 18 26 8 66 8 68 18 18 71 52 28 25 75 76 18 78 27 18 
55 19 19 3 19 19 68 7 45 19 19 60 19 13 14 15 7 29 19 19 45 15 22 15 19 29 19 19 60 29 29 45 29 19 55 15 19 55 19 15 19 41 42 19 19 45 46 19 19 19 55 19 68 7 68 55 19 7 7 7 60 60 60 19 19 45 66 45 68 19 19 71 68 60 29 75 76 19 78 19 19 
76 20 20 3 67 20 78 7 8 45 65 67 31 13 14 46 16 17 8 45 20 46 22 46 8 25 45 8 8 29 30 31 32 67 76 46 65 76 65 46 20 76 78 45 31 45 46 31 67 31 76 20 78 53 78 76 67 57 58 59 45 65 20 31 45 65 46 67 78 67 65 71 78 31 74 75 76 8 78 65 8 
21 15 21 71 21 21 21 71 46 21 35 66 15 71 75 15 71 75 35 15 46 21 75 21 21 75 35 15 66 75 75 46 75 15 21 35 21 35 21 21 21 66 66 21 35 46 46 21 21 21 21 35 35 71 21 15 21 71 71 71 66 66 66 21 21 46 66 46 15 35 21 71 21 66 75 75 46 21 46 15 21 
22 22 22 3 22 22 22 3 22 22 22 22 22 3 22 75 3 22 22 22 22 75 22 75 22 22 22 22 22 22 22 22 22 22 22 75 22 22 22 75 22 22 22 22 22 22 75 22 22 22 22 22 22 3 22 22 22 3 3 3 22 22 22 22 22 22 75 22 22 22 22 71 22 22 22 75 22 22 22 22 22 
21 15 23 71 39 39 23 71 46 23 35 66 15 71 75 15 71 75 35 15 46 21 75 23 23 75 35 15 66 75 75 46 75 15 23 35 39 35 23 39 21 66 66 39 35 46 46 39 21 23 39 35 35 71 21 15 23 71 71 71 66 66 66 21 21 46 66 46 15 35 21 71 39 66 75 75 46 21 46 15 39 
0 27 24 3 80 80 6 7 8 9 18 28 27 13 14 15 57 25 18 19 8 21 22 23 24 25 26 27 28 29 25 8 25 27 34 35 80 37 24 39 77 41 42 43 18 45 46 80 77 24 50 18 52 57 54 55 24 57 57 57 60 28 28 77 64 8 66 8 68 18 77 71 72 28 25 75 76 77 78 27 80 
14 25 25 3 25 25 22 7 25 29 25 25 25 13 14 75 57 25 25 29 25 75 22 75 25 25 29 25 25 29 25 25 25 25 14 75 25 14 25 75 25 14 22 29 25 29 75 25 25 25 14 25 22 57 22 14 25 57 57 57 29 25 25 25 29 25 75 25 22 25 25 71 22 25 25 75 14 25 22 25 25 
37 19 26 3 26 26 52 7 45 26 26 60 19 13 14 15 7 29 26 19 45 35 22 35 26 29 26 19 60 29 29 45 29 19 37 35 26 37 26 35 26 41 42 26 26 45 46 26 26 26 37 26 52 7 52 55 26 7 7 7 60 60 60 26 26 45 66 45 68 26 26 71 52 60 29 75 76 26 78 19 26 
55 27 27 3 27 27 68 7 8 19 27 28 27 13 14 15 57 25 27 19 8 15 22 15 27 25 19 27 28 29 25 8 25 27 55 15 27 55 27 15 27 41 42 19 27 45 46 27 27 27 55 27 68 57 68 55 27 57 57 57 60 28 28 27 19 8 66 8 68 27 27 71 68 28 25 75 76 27 78 27 27 
41 28 28 3 28 28 42 7 8 60 28 28 28 13 14 66 57 25 28 60 8 66 22 66 28 25 60 28 28 29 25 8 25 28 41 66 28 41 28 66 28 41 42 60 28 45 46 28 28 28 41 28 42 57 42 41 28 57 57 57 60 28 28 28 60 8 66 8 42 28 28 71 42 28 25 75 76 28 78 28 28 
14 29 29 3 29 29 22 7 29 29 29 29 29 13 14 75 7 29 29 29 29 75 22 75 29 29 29 29 29 29 29 29 29 29 14 75 29 14 29 75 29 14 22 29 29 29 75 29 29 29 14 29 22 7 22 14 29 7 7 7 29 29 29 29 29 29 75 29 22 29 29 71 22 29 29 75 14 29 22 29 29 
14 30 30 3 32 30 22 7 25 29 74 32 17 13 14 75 16 17 25 29 30 75 22 75 25 25 29 25 25 29 30 17 32 32 14 75 74 14 74 75 30 14 22 29 17 29 75 17 32 17 14 30 22 53 22 14 32 57 58 59 29 74 30 17 29 74 75 32 22 32 74 71 22 17 74 75 14 25 22 74 25 
76 31 31 3 67 31 78 7 8 45 31 67 31 13 14 46 16 17 8 45 31 46 22 46 8 25 45 8 8 29 17 31 32 67 76 46 31 76 31 46 31 76 78 45 31 45 46 31 67 31 76 31 78 16 78 76 67 57 58 16 45 31 31 31 45 31 46 67 78 67 31 71 78 31 17 75 76 8 78 31 8 
14 32 32 3 32 32 22 7 25 29 32 32 32 13 14 75 58 32 25 29 32 75 22 75 25 25 29 25 25 29 32 32 32 32 14 75 32 14 32 75 32 14 22 29 32 29 75 32 32 32 14 32 22 58 22 14 32 57 58 58 29 32 32 32 29 32 75 32 22 32 32 71 22 32 32 75 14 25 22 32 25 
55 33 33 3 33 33 68 7 8 19 33 11 33 13 14 15 58 32 27 19 67 15 22 15 27 25 19 27 28 29 32 67 32 33 55 15 33 55 33 15 33 41 42 19 33 45 46 33 33 33 55 33 68 58 68 55 33 57 58 58 60 11 11 33 19 67 66 67 68 33 33 71 68 11 32 75 76 27 78 33 27 
0 55 34 3 50 50 6 13 76 34 37 41 55 13 14 15 13 14 37 55 76 21 22 23 34 14 37 55 41 14 14 76 14 55 34 35 50 37 34 39 0 41 42 50 37 76 46 50 0 34 50 37 52 13 54 55 34 13 13 13 41 41 41 0 0 76 66 76 68 37 0 71 72 41 14 75 76 0 78 55 50 
35 15 35 71 35 35 35 71 46 35 35 66 15 71 75 15 71 75 35 15 46 35 75 35 35 75 35 15 66 75 75 46 75 15 35 35 35 35 35 35 35 66 66 35 35 46 46 35 35 35 35 35 35 71 35 15 35 71 71 71 66 66 66 35 35 46 66 46 15 35 35 71 35 66 75 75 46 35 46 15 35 
0 79 36 3 4 36 72 7 8 43 10 11 12 13 14 15 16 17 18 19 65 21 22 39 80 25 26 27 28 29 74 31 32 33 50 35 36 37 36 39 70 41 42 43 44 45 46 47 48 47 50 10 52 59 54 55 4 57 58 59 60 61 61 63 64 65 66 67 68 69 70 71 72 73 74 75 76 77 78 79 80 
37 55 37 3 37 37 52 13 76 37 37 41 55 13 14 15 13 14 37 55 76 35 22 35 37 14 37 55 41 14 14 76 14 55 37 35 37 37 37 35 37 41 42 37 37 76 46 37 37 37 37 37 52 13 52 55 37 13 13 13 41 41 41 37 37 76 66 76 68 37 37 71 52 41 14 75 76 37 78 55 37 
0 79 38 3 4 36 6 7 8 9 10 11 12 13 14 15 16 17 18 19 65 21 22 23 24 25 26 27 28 29 74 31 32 33 34 35 36 37 38 39 70 41 42 43 44 45 46 47 48 49 50 10 52 59 54 55 56 57 58 59 60 61 61 63 64 65 66 67 68 69 70 71 72 73 74 75 76 77 78 79 80 
21 15 39 71 39 39 39 71 46 39 35 66 15 71 75 15 71 75 35 15 46 21 75 39 39 75 35 15 66 75 75 46 75 15 39 35 39 35 39 39 21 66 66 39 35 46 46 39 21 39 39 35 35 71 21 15 39 71 71 71 66 66 66 21 21 46 66 46 15 35 21 71 39 66 75 75 46 21 46 15 39 
0 1 40 3 48 40 54 7 8 64 10 11 12 13 14 15 16 17 18 19 20 21 22 21 77 25 26 27 28 29 30 31 32 33 0 35 70 37 70 21 40 41 42 64 44 45 46 63 48 63 0 51 52 53 54 55 48 57 58 59 60 61 62 63 64 65 66 67 68 69 70 71 54 73 74 75 76 77 78 79 77 
41 41 41 3 41 41 42 13 76 41 41 41 41 13 14 66 13 14 41 41 76 66 22 66 41 14 41 41 41 14 14 76 14 41 41 66 41 41 41 66 41 41 42 41 41 76 46 41 41 41 41 41 42 13 42 41 41 13 13 13 41 41 41 41 41 76 66 76 42 41 41 71 42 41 14 75 76 41 78 41 41 
42 42 42 3 42 42 42 3 78 42 42 42 42 3 22 66 3 22 42 42 78 66 22 66 42 22 42 42 42 22 22 78 22 42 42 66 42 42 42 66 42 42 42 42 42 78 46 42 42 42 42 42 42 3 42 42 42 3 3 3 42 42 42 42 42 78 66 78 42 42 42 71 42 42 22 75 78 42 78 42 42 
0 19 43 3 43 43 72 7 45 43 26 60 19 13 14 15 7 29 26 19 45 21 22 39 43 29 26 19 60 29 29 45 29 19 50 35 43 37 43 39 64 41 42 43 26 45 46 43 64 43 50 26 52 7 54 55 43 7 7 7 60 60 60 64 64 45 66 45 68 26 64 71 72 60 29 75 76 64 78 19 43 
37 12 44 3 69 44 52 7 8 26 44 11 12 13 14 15 16 17 18 19 31 35 22 35 18 25 26 27 28 29 17 31 32 33 37 35 44 37 44 35 44 41 42 26 44 45 46 44 69 44 37 44 52 16 52 55 69 57 58 16 60 73 73 44 26 31 66 67 68 69 44 71 52 73 17 75 76 18 78 12 18 
76 45 45 3 45 45 78 7 45 45 45 45 45 13 14 46 7 29 45 45 45 46 22 46 45 29 45 45 45 29 29 45 29 45 76 46 45 76 45 46 45 76 78 45 45 45 46 45 45 45 76 45 78 7 78 76 45 7 7 7 45 45 45 45 45 45 46 45 78 45 45 71 78 45 29 75 76 45 78 45 45 
46 46 46 71 46 46 46 71 46 46 46 46 46 71 75 46 71 75 46 46 46 46 75 46 46 75 46 46 46 75 75 46 75 46 46 46 46 46 46 46 46 46 46 46 46 46 46 46 46 46 46 46 46 71 46 46 46 71 71 71 46 46 46 46 46 46 46 46 46 46 46 71 46 46 75 75 46 46 46 46 46 
0 12 47 3 4 47 72 7 8 43 44 11 12 13 14 15 16 17 18 19 31 21 22 39 80 25 26 27 28 29 17 31 32 33 50 35 47 37 47 39 63 41 42 43 44 45 46 47 48 47 50 44 52 16 54 55 4 57 58 16 60 73 73 63 64 31 66 67 68 69 63 71 72 73 17 75 76 77 78 12 80 
0 33 48 3 48 48 54 7 8 64 69 11 33 13 14 15 58 32 18 19 67 21 22 21 77 25 26 27 28 29 32 67 32 33 0 35 48 37 48 21 48 41 42 64 69 45 46 48 48 48 0 69 52 58 54 55 48 57 58 58 60 11 11 48 64 67 66 67 68 69 48 71 54 11 32 75 76 77 78 33 77 
0 12 49 3 4 47 6 7 8 9 44 11 12 13 14 15 16 17 18 19 31 21 22 23 24 25 26 27 28 29 17 31 32 33 34 35 47 37 49 39 63 41 42 43 44 45 46 47 48 49 50 44 52 16 54 55 56 57 58 16 60 73 73 63 64 31 66 67 68 69 63 71 72 73 17 75 76 77 78 12 80 
0 55 50 3 50 50 72 13 76 50 37 41 55 13 14 15 13 14 37 55 76 21 22 39 50 14 37 55 41 14 14 76 14 55 50 35 50 37 50 39 0 41 42 50 37 76 46 50 0 50 50 37 52 13 54 55 50 13 13 13 41 41 41 0 0 76 66 76 68 37 0 71 72 41 14 75 76 0 78 55 50 
37 1 51 3 69 51 52 7 8 26 10 11 12 13 14 15 16 17 18 19 20 35 22 35 18 25 26 27 28 29 30 31 32 33 37 35 10 37 10 35 51 41 42 26 44 45 46 44 69 44 37 51 52 53 52 55 69 57 58 59 60 61 62 44 26 65 66 67 68 69 10 71 52 73 74 75 76 18 78 79 18 
52 68 52 3 52 52 52 3 78 52 52 42 68 3 22 15 3 22 52 68 78 35 22 35 52 22 52 68 42 22 22 78 22 68 52 35 52 52 52 35 52 42 42 52 52 78 46 52 52 52 52 52 52 3 52 68 52 3 3 3 42 42 42 52 52 78 66 78 68 52 52 71 52 42 22 75 78 52 78 68 52 
13 53 53 3 58 53 3 7 57 7 59 58 16 13 13 71 16 16 57 7 53 71 3 71 57 57 7 57 57 7 53 16 58 58 13 71 59 13 59 71 53 13 3 7 16 7 71 16 58 16 13 53 3 53 3 13 58 57 58 59 7 59 53 16 7 59 71 58 3 58 59 71 3 16 59 71 13 57 3 59 57 
54 68 54 3 54 54 54 3 78 54 52 42 68 3 22 15 3 22 52 68 78 21 22 21 54 22 52 68 42 22 22 78 22 68 54 35 54 52 54 21 54 42 42 54 52 78 46 54 54 54 54 52 52 3 54 68 54 3 3 3 42 42 42 54 54 78 66 78 68 52 54 71 54 42 22 75 78 54 78 68 54 
55 55 55 3 55 55 68 13 76 55 55 41 55 13 14 15 13 14 55 55 76 15 22 15 55 14 55 55 41 14 14 76 14 55 55 15 55 55 55 15 55 41 42 55 55 76 46 55 55 55 55 55 68 13 68 55 55 13 13 13 41 41 41 55 55 76 66 76 68 55 55 71 68 41 14 75 76 55 78 55 55 
0 33 56 3 4 4 6 7 8 9 69 11 33 13 14 15 58 32 18 19 67 21 22 23 24 25 26 27 28 29 32 67 32 33 34 35 4 37 56 39 48 41 42 43 69 45 46 4 48 56 50 69 52 58 54 55 56 57 58 58 60 11 11 48 64 67 66 67 68 69 48 71 72 11 32 75 76 77 78 33 80 
13 57 57 3 57 57 3 7 57 7 57 57 57 13 13 71 57 57 57 7 57 71 3 71 57 57 7 57 57 7 57 57 57 57 13 71 57 13 57 71 57 13 3 7 57 7 71 57 57 57 13 57 3 57 3 13 57 57 57 57 7 57 57 57 7 57 71 57 3 57 57 71 3 57 57 71 13 57 3 57 57 
13 58 58 3 58 58 3 7 57 7 58 58 58 13 13 71 58 58 57 7 58 71 3 71 57 57 7 57 57 7 58 58 58 58 13 71 58 13 58 71 58 13 3 7 58 7 71 58 58 58 13 58 3 58 3 13 58 57 58 58 7 58 58 58 7 58 71 58 3 58 58 71 3 58 58 71 13 57 3 58 57 
13 59 59 3 58 59 3 7 57 7 59 58 16 13 13 71 16 16 57 7 59 71 3 71 57 57 7 57 57 7 59 16 58 58 13 71 59 13 59 71 59 13 3 7 16 7 71 16 58 16 13 59 3 59 3 13 58 57 58 59 7 59 59 16 7 59 71 58 3 58 59 71 3 16 59 71 13 57 3 59 57 
41 60 60 3 60 60 42 7 45 60 60 60 60 13 14 66 7 29 60 60 45 66 22 66 60 29 60 60 60 29 29 45 29 60 41 66 60 41 60 66 60 41 42 60 60 45 46 60 60 60 41 60 42 7 42 41 60 7 7 7 60 60 60 60 60 45 66 45 42 60 60 71 42 60 29 75 76 60 78 60 60 
41 61 61 3 11 61 42 7 8 60 61 11 73 13 14 66 16 17 28 60 65 66 22 66 28 25 60 28 28 29 74 31 32 11 41 66 61 41 61 66 61 41 42 60 73 45 46 73 11 73 41 61 42 59 42 41 11 57 58 59 60 61 61 73 60 65 66 67 42 11 61 71 42 73 74 75 76 28 78 61 28 
41 62 62 3 11 62 42 7 8 60 61 11 73 13 14 66 16 17 28 60 20 66 22 66 28 25 60 28 28 29 30 31 32 11 41 66 61 41 61 66 62 41 42 60 73 45 46 73 11 73 41 62 42 53 42 41 11 57 58 59 60 61 62 73 60 65 66 67 42 11 61 71 42 73 74 75 76 28 78 61 28 
0 12 63 3 48 63 54 7 8 64 44 11 12 13 14 15 16 17 18 19 31 21 22 21 77 25 26 27 28 29 17 31 32 33 0 35 63 37 63 21 63 41 42 64 44 45 46 63 48 63 0 44 52 16 54 55 48 57 58 16 60 73 73 63 64 31 66 67 68 69 63 71 54 73 17 75 76 77 78 12 77 
0 19 64 3 64 64 54 7 45 64 26 60 19 13 14 15 7 29 26 19 45 21 22 21 64 29 26 19 60 29 29 45 29 19 0 35 64 37 64 21 64 41 42 64 26 45 46 64 64 64 0 26 52 7 54 55 64 7 7 7 60 60 60 64 64 45 66 45 68 26 64 71 54 60 29 75 76 64 78 19 64 
76 65 65 3 67 65 78 7 8 45 65 67 31 13 14 46 16 17 8 45 65 46 22 46 8 25 45 8 8 29 74 31 32 67 76 46 65 76 65 46 65 76 78 45 31 45 46 31 67 31 76 65 78 59 78 76 67 57 58 59 45 65 65 31 45 65 46 67 78 67 65 71 78 31 74 75 76 8 78 65 8 
66 66 66 71 66 66 66 71 46 66 66 66 66 71 75 66 71 75 66 66 46 66 75 66 66 75 66 66 66 75 75 46 75 66 66 66 66 66 66 66 66 66 66 66 66 46 46 66 66 66 66 66 66 71 66 66 66 71 71 71 66 66 66 66 66 46 66 46 66 66 66 71 66 66 75 75 46 66 46 66 66 
76 67 67 3 67 67 78 7 8 45 67 67 67 13 14 46 58 32 8 45 67 46 22 46 8 25 45 8 8 29 32 67 32 67 76 46 67 76 67 46 67 76 78 45 67 45 46 67 67 67 76 67 78 58 78 76 67 57 58 58 45 67 67 67 45 67 46 67 78 67 67 71 78 67 32 75 76 8 78 67 8 
68 68 68 3 68 68 68 3 78 68 68 42 68 3 22 15 3 22 68 68 78 15 22 15 68 22 68 68 42 22 22 78 22 68 68 15 68 68 68 15 68 42 42 68 68 78 46 68 68 68 68 68 68 3 68 68 68 3 3 3 42 42 42 68 68 78 66 78 68 68 68 71 68 42 22 75 78 68 78 68 68 
37 33 69 3 69 69 52 7 8 26 69 11 33 13 14 15 58 32 18 19 67 35 22 35 18 25 26 27 28 29 32 67 32 33 37 35 69 37 69 35 69 41 42 26 69 45 46 69 69 69 37 69 52 58 52 55 69 57 58 58 60 11 11 69 26 67 66 67 68 69 69 71 52 11 32 75 76 18 78 33 18 
0 79 70 3 48 70 54 7 8 64 10 11 12 13 14 15 16 17 18 19 65 21 22 21 77 25 26 27 28 29 74 31 32 33 0 35 70 37 70 21 70 41 42 64 44 45 46 63 48 63 0 10 52 59 54 55 48 57 58 59 60 61 61 63 64 65 66 67 68 69 70 71 54 73 74 75 76 77 78 79 77 
71 71 71 71 71 71 71 71 71 71 71 71 71 71 71 71 71 71 71 71 71 71 71 71 71 71 71 71 71 71 71 71 71 71 71 71 71 71 71 71 71 71 71 71 71 71 71 71 71 71 71 71 71 71 71 71 71 71 71 71 71 71 71 71 71 71 71 71 71 71 71 71 71 71 71 71 71 71 71 71 71 
54 68 72 3 72 72 72 3 78 72 52 42 68 3 22 15 3 22 52 68 78 21 22 39 72 22 52 68 42 22 22 78 22 68 72 35 72 52 72 39 54 42 42 72 52 78 46 72 54 72 72 52 52 3 54 68 72 3 3 3 42 42 42 54 54 78 66 78 68 52 54 71 72 42 22 75 78 54 78 68 72 
41 73 73 3 11 73 42 7 8 60 73 11 73 13 14 66 16 17 28 60 31 66 22 66 28 25 60 28 28 29 17 31 32 11 41 66 73 41 73 66 73 41 42 60 73 45 46 73 11 73 41 73 42 16 42 41 11 57 58 16 60 73 73 73 60 31 66 67 42 11 73 71 42 73 17 75 76 28 78 73 28 
14 74 74 3 32 74 22 7 25 29 74 32 17 13 14 75 16 17 25 29 74 75 22 75 25 25 29 25 25 29 74 17 32 32 14 75 74 14 74 75 74 14 22 29 17 29 75 17 32 17 14 74 22 59 22 14 32 57 58 59 29 74 74 17 29 74 75 32 22 32 74 71 22 17 74 75 14 25 22 74 25 
75 75 75 71 75 75 75 71 75 75 75 75 75 71 75 75 71 75 75 75 75 75 75 75 75 75 75 75 75 75 75 75 75 75 75 75 75 75 75 75 75 75 75 75 75 75 75 75 75 75 75 75 75 71 75 75 75 71 71 71 75 75 75 75 75 75 75 75 75 75 75 71 75 75 75 75 75 75 75 75 75 
76 76 76 3 76 76 78 13 76 76 76 76 76 13 14 46 13 14 76 76 76 46 22 46 76 14 76 76 76 14 14 76 14 76 76 46 76 76 76 46 76 76 78 76 76 76 46 76 76 76 76 76 78 13 78 76 76 13 13 13 76 76 76 76 76 76 46 76 78 76 76 71 78 76 14 75 76 76 78 76 76 
0 27 77 3 77 77 54 7 8 64 18 28 27 13 14 15 57 25 18 19 8 21 22 21 77 25 26 27 28 29 25 8 25 27 0 35 77 37 77 21 77 41 42 64 18 45 46 77 77 77 0 18 52 57 54 55 77 57 57 57 60 28 28 77 64 8 66 8 68 18 77 71 54 28 25 75 76 77 78 27 77 
78 78 78 3 78 78 78 3 78 78 78 78 78 3 22 46 3 22 78 78 78 46 22 46 78 22 78 78 78 22 22 78 22 78 78 46 78 78 78 46 78 78 78 78 78 78 46 78 78 78 78 78 78 3 78 78 78 3 3 3 78 78 78 78 78 78 46 78 78 78 78 71 78 78 22 75 78 78 78 78 78 
55 79 79 3 33 79 68 7 8 19 79 11 12 13 14 15 16 17 27 19 65 15 22 15 27 25 19 27 28 29 74 31 32 33 55 15 79 55 79 15 79 41 42 19 12 45 46 12 33 12 55 79 68 59 68 55 33 57 58 59 60 61 61 12 19 65 66 67 68 33 79 71 68 73 74 75 76 27 78 79 27 
0 27 80 3 80 80 72 7 8 43 18 28 27 13 14 15 57 25 18 19 8 21 22 39 80 25 26 27 28 29 25 8 25 27 50 35 80 37 80 39 77 41 42 43 18 45 46 80 77 80 50 18 52 57 54 55 80 57 57 57 60 28 28 77 64 8 66 8 68 18 77 71 72 28 25 75 76 77 78 27 80 

