0 79 45 3 4 6 6 0 8 45 0 3 12 45 45 28 16 17 18 12 20 21 22 79 24 28 0 0 28 6 30 4 79 0 28 4 79 24 28 39 3 41 0 43 4 45 28 79 4 3 0 3 0 0 3 0 56 0 6 0 24 28 45 8 64 24 0 4 68 6 3 24 45 73 79 24 6 6 24 79 4 
79 1 1 79 79 5 6 47 64 47 1 1 68 1 32 1 16 64 68 68 64 64 64 1 79 32 1 1 79 58 68 1 32 79 47 32 1 1 1 39 47 68 47 68 1 79 1 47 47 32 1 1 1 32 1 32 68 1 58 1 1 1 1 64 64 32 1 1 68 58 1 47 1 64 1 1 76 58 1 79 1 
45 1 2 3 4 5 6 9 17 9 2 11 56 13 14 72 16 17 56 56 17 21 22 23 24 14 72 2 45 29 30 31 32 45 9 35 36 37 2 39 40 41 9 43 44 45 13 47 48 49 72 11 13 14 54 14 56 2 58 2 78 2 2 17 64 65 13 80 68 69 70 71 72 73 23 75 76 29 78 79 80 
3 79 3 3 3 6 6 3 22 3 3 3 43 3 3 3 16 22 43 43 22 21 22 79 24 3 3 3 3 6 30 3 79 3 3 3 79 24 3 39 3 43 3 43 3 3 3 79 3 3 3 3 3 3 3 3 43 3 6 3 24 3 3 22 64 24 3 3 68 6 3 24 3 22 79 24 6 6 24 79 3 
4 79 4 3 4 6 6 4 73 4 4 3 41 4 4 4 16 73 41 41 73 21 22 79 24 4 4 4 4 6 30 4 79 4 4 4 79 24 4 39 3 41 4 43 4 4 4 79 4 3 4 3 4 4 3 4 41 4 6 4 24 4 4 73 64 24 4 4 68 6 3 24 4 73 79 24 6 6 24 79 4 
6 5 5 6 6 5 6 5 39 5 5 5 16 5 5 5 16 39 16 16 39 39 39 5 6 5 5 5 6 5 16 5 5 6 5 5 5 5 5 39 5 16 5 16 5 6 5 5 5 5 5 5 5 5 5 5 16 5 5 5 5 5 5 39 39 5 5 5 16 5 5 5 5 39 5 5 5 5 5 6 5 
6 6 6 6 6 6 6 6 39 6 6 6 16 6 6 6 16 39 16 16 39 39 39 6 6 6 6 6 6 6 16 6 6 6 6 6 6 6 6 39 6 16 6 16 6 6 6 6 6 6 6 6 6 6 6 6 16 6 6 6 6 6 6 39 39 6 6 6 16 6 6 6 6 39 6 6 6 6 6 6 6 
0 47 9 3 4 5 6 7 8 9 7 40 12 9 9 34 16 17 18 12 20 21 22 47 24 34 7 7 28 5 30 48 47 0 34 48 47 71 34 39 40 41 7 43 48 45 34 47 48 40 7 40 7 7 40 7 56 7 5 7 71 34 9 8 64 71 7 48 68 5 40 71 9 73 47 71 5 5 71 79 48 
8 64 17 22 73 39 39 8 8 17 8 22 12 17 17 20 16 17 18 12 20 21 22 64 21 20 8 8 20 39 30 73 64 8 20 73 64 21 20 39 22 41 8 43 73 17 20 64 73 22 8 22 8 8 22 8 56 8 39 8 21 20 17 8 64 21 8 73 68 39 22 21 17 73 64 21 39 39 21 64 73 
45 47 9 3 4 5 6 9 17 9 9 40 56 9 9 9 16 17 56 56 17 21 22 47 24 9 9 9 45 5 30 48 47 45 9 48 47 71 9 39 40 41 9 43 48 45 9 47 48 40 9 40 9 9 40 9 56 9 5 9 71 9 9 17 64 71 9 48 68 5 40 71 9 73 47 71 5 5 71 79 48 
0 1 2 3 4 5 6 7 8 9 10 11 12 13 14 15 16 17 18 19 20 21 22 23 24 25 26 10 28 29 30 31 32 33 34 35 36 37 61 39 40 41 42 43 44 45 46 47 48 49 50 11 52 53 54 55 56 59 58 59 78 61 2 63 64 65 66 80 68 69 70 71 72 73 23 75 76 29 78 79 80 
3 1 11 3 3 5 6 40 22 40 11 11 43 54 49 70 16 22 43 43 22 21 22 23 24 49 70 11 3 29 30 54 32 3 40 49 36 37 11 39 40 43 40 43 70 3 54 47 40 49 70 11 54 49 54 49 43 11 58 11 78 11 11 22 64 65 54 11 68 69 70 71 70 22 23 75 76 29 78 79 11 
12 68 56 43 41 16 16 12 12 56 12 43 12 56 56 18 16 56 18 12 18 30 43 68 30 18 12 12 18 16 30 41 68 12 18 41 68 30 18 16 43 41 12 43 41 56 18 68 41 43 12 43 12 12 43 12 56 12 16 12 30 18 56 12 68 30 12 41 68 16 43 30 56 41 68 30 16 16 30 68 41 
45 1 13 3 4 5 6 9 17 9 13 54 56 13 14 13 16 17 56 56 17 21 22 1 24 14 13 13 45 58 30 31 32 45 9 35 1 75 13 39 40 41 9 43 31 45 13 47 48 49 13 54 13 14 54 14 56 13 58 13 75 13 13 17 64 65 13 31 68 58 54 71 13 73 1 75 76 58 75 79 31 
45 32 14 3 4 5 6 9 17 9 14 49 56 14 14 14 16 17 56 56 17 21 22 32 24 14 14 14 45 76 30 35 32 45 9 35 32 65 14 39 40 41 9 43 35 45 14 47 48 49 14 49 14 14 49 14 56 14 76 14 65 14 14 17 64 65 14 35 68 76 49 71 14 73 32 65 76 76 65 79 35 
28 1 72 3 4 5 6 34 20 9 15 70 18 13 14 15 16 17 18 18 20 21 22 36 24 25 15 15 28 69 30 31 32 28 34 35 36 37 15 39 40 41 34 43 44 45 46 47 48 49 15 70 46 25 54 25 56 15 58 15 37 15 72 20 64 65 46 44 68 69 70 71 72 73 36 75 76 69 37 79 44 
16 16 16 16 16 16 16 16 16 16 16 16 16 16 16 16 16 16 16 16 16 16 16 16 16 16 16 16 16 16 16 16 16 16 16 16 16 16 16 16 16 16 16 16 16 16 16 16 16 16 16 16 16 16 16 16 16 16 16 16 16 16 16 16 16 16 16 16 16 16 16 16 16 16 16 16 16 16 16 16 16 
17 64 17 22 73 39 39 17 17 17 17 22 56 17 17 17 16 17 56 56 17 21 22 64 21 17 17 17 17 39 30 73 64 17 17 73 64 21 17 39 22 41 17 43 73 17 17 64 73 22 17 22 17 17 22 17 56 17 39 17 21 17 17 17 64 21 17 73 68 39 22 21 17 73 64 21 39 39 21 64 73 
18 68 56 43 41 16 16 18 18 56 18 43 18 56 56 18 16 56 18 18 18 30 43 68 30 18 18 18 18 16 30 41 68 18 18 41 68 30 18 16 43 41 18 43 41 56 18 68 41 43 18 43 18 18 43 18 56 18 16 18 30 18 56 18 68 30 18 41 68 16 43 30 56 41 68 30 16 16 30 68 41 
12 68 56 43 41 16 16 12 12 56 19 43 12 56 56 18 16 56 18 19 18 30 43 68 30 18 19 19 18 16 30 41 68 19 18 41 68 30 18 16 43 41 19 43 41 56 18 68 41 43 12 43 12 12 43 19 56 12 16 12 30 18 56 19 68 30 19 41 68 16 43 30 56 41 68 30 16 16 30 68 41 
20 64 17 22 73 39 39 20 20 17 20 22 18 17 17 20 16 17 18 18 20 21 22 64 21 20 20 20 20 39 30 73 64 20 20 73 64 21 20 39 22 41 20 43 73 17 20 64 73 22 20 22 20 20 22 20 56 20 39 20 21 20 17 20 64 21 20 73 68 39 22 21 17 73 64 21 39 39 21 64 73 
21 64 21 21 21 39 39 21 21 21 21 21 30 21 21 21 16 21 30 30 21 21 21 64 21 21 21 21 21 39 30 21 64 21 21 21 64 21 21 39 21 30 21 30 21 21 21 64 21 21 21 21 21 21 21 21 30 21 39 21 21 21 21 21 64 21 21 21 68 39 21 21 21 21 64 21 39 39 21 64 21 
22 64 22 22 22 39 39 22 22 22 22 22 43 22 22 22 16 22 43 43 22 21 22 64 21 22 22 22 22 39 30 22 64 22 22 22 64 21 22 39 22 43 22 43 22 22 22 64 22 22 22 22 22 22 22 22 43 22 39 22 21 22 22 22 64 21 22 22 68 39 22 21 22 22 64 21 39 39 21 64 22 
79 1 23 79 79 5 6 47 64 47 23 23 68 1 32 36 16 64 68 68 64 64 64 23 79 32 36 23 79 29 68 1 32 79 47 32 36 36 23 39 47 68 47 68 36 79 1 47 47 32 36 23 1 32 1 32 68 23 58 23 23 23 23 64 64 32 1 23 68 69 36 47 36 64 23 1 76 29 23 79 23 
24 79 24 24 24 6 6 24 21 24 24 24 30 24 24 24 16 21 30 30 21 21 21 79 24 24 24 24 24 6 30 24 79 24 24 24 79 24 24 39 24 30 24 30 24 24 24 79 24 24 24 24 24 24 24 24 30 24 6 24 24 24 24 21 64 24 24 24 68 6 24 24 24 21 79 24 6 6 24 79 24 
28 32 14 3 4 5 6 34 20 9 25 49 18 14 14 25 16 17 18 18 20 21 22 32 24 25 25 25 28 76 30 35 32 28 34 35 32 65 25 39 40 41 34 43 35 45 25 47 48 49 25 49 25 25 49 25 56 25 76 25 65 25 14 20 64 65 25 35 68 76 49 71 14 73 32 65 76 76 65 79 35 
0 1 72 3 4 5 6 7 8 9 26 70 12 13 14 15 16 17 18 19 20 21 22 36 24 25 26 26 28 69 30 31 32 33 34 35 36 37 15 39 40 41 42 43 44 45 46 47 48 49 50 70 52 53 54 55 56 50 58 50 37 15 72 63 64 65 66 44 68 69 70 71 72 73 36 75 76 69 37 79 44 
0 1 2 3 4 5 6 7 8 9 10 11 12 13 14 15 16 17 18 19 20 21 22 23 24 25 26 27 28 29 30 31 32 33 34 35 36 37 38 39 40 41 42 43 44 45 46 47 48 49 50 51 52 53 54 55 56 57 58 59 60 61 62 63 64 65 66 67 68 69 70 71 72 73 74 75 76 77 78 79 80 
28 79 45 3 4 6 6 28 20 45 28 3 18 45 45 28 16 17 18 18 20 21 22 79 24 28 28 28 28 6 30 4 79 28 28 4 79 24 28 39 3 41 28 43 4 45 28 79 4 3 28 3 28 28 3 28 56 28 6 28 24 28 45 20 64 24 28 4 68 6 3 24 45 73 79 24 6 6 24 79 4 
6 58 29 6 6 5 6 5 39 5 29 29 16 58 76 69 16 39 16 16 39 39 39 29 6 76 69 29 6 29 16 58 76 6 5 76 69 69 29 39 5 16 5 16 69 6 58 5 5 76 69 29 58 76 58 76 16 29 58 29 29 29 29 39 39 76 58 29 16 69 69 5 69 39 29 58 76 29 29 6 29 
30 68 30 30 30 16 16 30 30 30 30 30 30 30 30 30 16 30 30 30 30 30 30 68 30 30 30 30 30 16 30 30 68 30 30 30 68 30 30 16 30 30 30 30 30 30 30 68 30 30 30 30 30 30 30 30 30 30 16 30 30 30 30 30 68 30 30 30 68 16 30 30 30 30 68 30 16 16 30 68 30 
4 1 31 3 4 5 6 48 73 48 31 54 41 31 35 31 16 73 41 41 73 21 22 1 24 35 31 31 4 58 30 31 32 4 48 35 1 75 31 39 40 41 48 43 31 4 31 47 48 49 31 54 31 35 54 35 41 31 58 31 75 31 31 73 64 65 31 31 68 58 54 71 31 73 1 75 76 58 75 79 31 
79 32 32 79 79 5 6 47 64 47 32 32 68 32 32 32 16 64 68 68 64 64 64 32 79 32 32 32 79 76 68 32 32 79 47 32 32 32 32 39 47 68 47 68 32 79 32 47 47 32 32 32 32 32 32 32 68 32 76 32 32 32 32 64 64 32 32 32 68 76 32 47 32 64 32 32 76 76 32 79 32 
0 79 45 3 4 6 6 0 8 45 33 3 12 45 45 28 16 17 18 19 20 21 22 79 24 28 33 33 28 6 30 4 79 33 28 4 79 24 28 39 3 41 33 43 4 45 28 79 4 3 0 3 0 0 3 33 56 0 6 0 24 28 45 63 64 24 33 4 68 6 3 24 45 73 79 24 6 6 24 79 4 
28 47 9 3 4 5 6 34 20 9 34 40 18 9 9 34 16 17 18 18 20 21 22 47 24 34 34 34 28 5 30 48 47 28 34 48 47 71 34 39 40 41 34 43 48 45 34 47 48 40 34 40 34 34 40 34 56 34 5 34 71 34 9 20 64 71 34 48 68 5 40 71 9 73 47 71 5 5 71 79 48 
4 32 35 3 4 5 6 48 73 48 35 49 41 35 35 35 16 73 41 41 73 21 22 32 24 35 35 35 4 76 30 35 32 4 48 35 32 65 35 39 40 41 48 43 35 4 35 47 48 49 35 49 35 35 49 35 41 35 76 35 65 35 35 73 64 65 35 35 68 76 49 71 35 73 32 65 76 76 65 79 35 
79 1 36 79 79 5 6 47 64 47 36 36 68 1 32 36 16 64 68 68 64 64 64 36 79 32 36 36 79 69 68 1 32 79 47 32 36 36 36 39 47 68 47 68 36 79 1 47 47 32 36 36 1 32 1 32 68 36 58 36 36 36 36 64 64 32 1 36 68 69 36 47 36 64 36 1 76 69 36 79 36 
24 1 37 24 24 5 6 71 21 71 37 37 30 75 65 37 16 21 30 30 21 21 21 36 24 65 37 37 24 69 30 75 32 24 71 65 36 37 37 39 71 30 71 30 37 24 75 47 71 65 37 37 75 65 75 65 30 37 58 37 37 37 37 21 64 65 75 37 68 69 37 71 37 21 36 75 76 69 37 79 37 
28 1 2 3 4 5 6 34 20 9 61 11 18 13 14 15 16 17 18 18 20 21 22 23 24 25 15 38 28 29 30 31 32 28 34 35 36 37 38 39 40 41 34 43 44 45 46 47 48 49 15 51 46 25 54 25 56 38 58 61 60 61 62 20 64 65 46 67 68 69 70 71 72 73 74 75 76 77 78 79 80 
39 39 39 39 39 39 39 39 39 39 39 39 16 39 39 39 16 39 16 16 39 39 39 39 39 39 39 39 39 39 16 39 39 39 39 39 39 39 39 39 39 16 39 16 39 39 39 39 39 39 39 39 39 39 39 39 16 39 39 39 39 39 39 39 39 39 39 39 16 39 39 39 39 39 39 39 39 39 39 39 39 
3 47 40 3 3 5 6 40 22 40 40 40 43 40 40 40 16 22 43 43 22 21 22 47 24 40 40 40 3 5 30 40 47 3 40 40 47 71 40 39 40 43 40 43 40 3 40 47 40 40 40 40 40 40 40 40 43 40 5 40 71 40 40 22 64 71 40 40 68 5 40 71 40 22 47 71 5 5 71 79 40 
41 68 41 43 41 16 16 41 41 41 41 43 41 41 41 41 16 41 41 41 41 30 43 68 30 41 41 41 41 16 30 41 68 41 41 41 68 30 41 16 43 41 41 43 41 41 41 68 41 43 41 43 41 41 43 41 41 41 16 41 30 41 41 41 68 30 41 41 68 16 43 30 41 41 68 30 16 16 30 68 41 
0 47 9 3 4 5 6 7 8 9 42 40 12 9 9 34 16 17 18 19 20 21 22 47 24 34 42 42 28 5 30 48 47 33 34 48 47 71 34 39 40 41 42 43 48 45 34 47 48 40 7 40 7 7 40 42 56 7 5 7 71 34 9 63 64 71 42 48 68 5 40 71 9 73 47 71 5 5 71 79 48 
43 68 43 43 43 16 16 43 43 43 43 43 43 43 43 43 16 43 43 43 43 30 43 68 30 43 43 43 43 16 30 43 68 43 43 43 68 30 43 16 43 43 43 43 43 43 43 68 43 43 43 43 43 43 43 43 43 43 16 43 30 43 43 43 68 30 43 43 68 16 43 30 43 43 68 30 16 16 30 68 43 
4 1 44 3 4 5 6 48 73 48 44 70 41 31 35 44 16 73 41 41 73 21 22 36 24 35 44 44 4 69 30 31 32 4 48 35 36 37 44 39 40 41 48 43 44 4 31 47 48 49 44 70 31 35 54 35 41 44 58 44 37 44 44 73 64 65 31 44 68 69 70 71 44 73 36 75 76 69 37 79 44 
45 79 45 3 4 6 6 45 17 45 45 3 56 45 45 45 16 17 56 56 17 21 22 79 24 45 45 45 45 6 30 4 79 45 45 4 79 24 45 39 3 41 45 43 4 45 45 79 4 3 45 3 45 45 3 45 56 45 6 45 24 45 45 17 64 24 45 4 68 6 3 24 45 73 79 24 6 6 24 79 4 
28 1 13 3 4 5 6 34 20 9 46 54 18 13 14 46 16 17 18 18 20 21 22 1 24 25 46 46 28 58 30 31 32 28 34 35 1 75 46 39 40 41 34 43 31 45 46 47 48 49 46 54 46 25 54 25 56 46 58 46 75 46 13 20 64 65 46 31 68 58 54 71 13 73 1 75 76 58 75 79 31 
79 47 47 79 79 5 6 47 64 47 47 47 68 47 47 47 16 64 68 68 64 64 64 47 79 47 47 47 79 5 68 47 47 79 47 47 47 47 47 39 47 68 47 68 47 79 47 47 47 47 47 47 47 47 47 47 68 47 5 47 47 47 47 64 64 47 47 47 68 5 47 47 47 64 47 47 5 5 47 79 47 
4 47 48 3 4 5 6 48 73 48 48 40 41 48 48 48 16 73 41 41 73 21 22 47 24 48 48 48 4 5 30 48 47 4 48 48 47 71 48 39 40 41 48 43 48 4 48 47 48 40 48 40 48 48 40 48 41 48 5 48 71 48 48 73 64 71 48 48 68 5 40 71 48 73 47 71 5 5 71 79 48 
3 32 49 3 3 5 6 40 22 40 49 49 43 49 49 49 16 22 43 43 22 21 22 32 24 49 49 49 3 76 30 49 32 3 40 49 32 65 49 39 40 43 40 43 49 3 49 47 40 49 49 49 49 49 49 49 43 49 76 49 65 49 49 22 64 65 49 49 68 76 49 71 49 22 32 65 76 76 65 79 49 
0 1 72 3 4 5 6 7 8 9 50 70 12 13 14 15 16 17 18 12 20 21 22 36 24 25 50 50 28 69 30 31 32 0 34 35 36 37 15 39 40 41 7 43 44 45 46 47 48 49 50 70 52 53 54 53 56 50 58 50 37 15 72 8 64 65 52 44 68 69 70 71 72 73 36 75 76 69 37 79 44 
3 1 11 3 3 5 6 40 22 40 11 11 43 54 49 70 16 22 43 43 22 21 22 23 24 49 70 51 3 29 30 54 32 3 40 49 36 37 51 39 40 43 40 43 70 3 54 47 40 49 70 51 54 49 54 49 43 51 58 11 60 11 51 22 64 65 54 51 68 69 70 71 70 22 74 75 76 77 78 79 11 
0 1 13 3 4 5 6 7 8 9 52 54 12 13 14 46 16 17 18 12 20 21 22 1 24 25 52 52 28 58 30 31 32 0 34 35 1 75 46 39 40 41 7 43 31 45 46 47 48 49 52 54 52 53 54 53 56 52 58 52 75 46 13 8 64 65 52 31 68 58 54 71 13 73 1 75 76 58 75 79 31 
0 32 14 3 4 5 6 7 8 9 53 49 12 14 14 25 16 17 18 12 20 21 22 32 24 25 53 53 28 76 30 35 32 0 34 35 32 65 25 39 40 41 7 43 35 45 25 47 48 49 53 49 53 53 49 53 56 53 76 53 65 25 14 8 64 65 53 35 68 76 49 71 14 73 32 65 76 76 65 79 35 
3 1 54 3 3 5 6 40 22 40 54 54 43 54 49 54 16 22 43 43 22 21 22 1 24 49 54 54 3 58 30 54 32 3 40 49 1 75 54 39 40 43 40 43 54 3 54 47 40 49 54 54 54 49 54 49 43 54 58 54 75 54 54 22 64 65 54 54 68 58 54 71 54 22 1 75 76 58 75 79 54 
0 32 14 3 4 5 6 7 8 9 55 49 12 14 14 25 16 17 18 19 20 21 22 32 24 25 55 55 28 76 30 35 32 33 34 35 32 65 25 39 40 41 42 43 35 45 25 47 48 49 53 49 53 53 49 55 56 53 76 53 65 25 14 63 64 65 55 35 68 76 49 71 14 73 32 65 76 76 65 79 35 
56 68 56 43 41 16 16 56 56 56 56 43 56 56 56 56 16 56 56 56 56 30 43 68 30 56 56 56 56 16 30 41 68 56 56 41 68 30 56 16 43 41 56 43 41 56 56 68 41 43 56 43 56 56 43 56 56 56 16 56 30 56 56 56 68 30 56 41 68 16 43 30 56 41 68 30 16 16 30 68 41 
0 1 2 3 4 5 6 7 8 9 59 11 12 13 14 15 16 17 18 12 20 21 22 23 24 25 50 57 28 29 30 31 32 0 34 35 36 37 38 39 40 41 7 43 44 45 46 47 48 49 50 51 52 53 54 53 56 57 58 59 60 61 62 8 64 65 52 67 68 69 70 71 72 73 74 75 76 77 78 79 80 
6 58 58 6 6 5 6 5 39 5 58 58 16 58 76 58 16 39 16 16 39 39 39 58 6 76 58 58 6 58 16 58 76 6 5 76 58 58 58 39 5 16 5 16 58 6 58 5 5 76 58 58 58 76 58 76 16 58 58 58 58 58 58 39 39 76 58 58 16 58 58 5 58 39 58 58 76 58 58 6 58 
0 1 2 3 4 5 6 7 8 9 59 11 12 13 14 15 16 17 18 12 20 21 22 23 24 25 50 59 28 29 30 31 32 0 34 35 36 37 61 39 40 41 7 43 44 45 46 47 48 49 50 11 52 53 54 53 56 59 58 59 78 61 2 8 64 65 52 80 68 69 70 71 72 73 23 75 76 29 78 79 80 
24 1 78 24 24 5 6 71 21 71 78 78 30 75 65 37 16 21 30 30 21 21 21 23 24 65 37 60 24 29 30 75 32 24 71 65 36 37 60 39 71 30 71 30 37 24 75 47 71 65 37 60 75 65 75 65 30 60 58 78 60 78 60 21 64 65 75 60 68 69 37 71 37 21 74 75 76 77 78 79 78 
28 1 2 3 4 5 6 34 20 9 61 11 18 13 14 15 16 17 18 18 20 21 22 23 24 25 15 61 28 29 30 31 32 28 34 35 36 37 61 39 40 41 34 43 44 45 46 47 48 49 15 11 46 25 54 25 56 61 58 61 78 61 2 20 64 65 46 80 68 69 70 71 72 73 23 75 76 29 78 79 80 
45 1 2 3 4 5 6 9 17 9 2 11 56 13 14 72 16 17 56 56 17 21 22 23 24 14 72 62 45 29 30 31 32 45 9 35 36 37 62 39 40 41 9 43 44 45 13 47 48 49 72 51 13 14 54 14 56 62 58 2 60 2 62 17 64 65 13 67 68 69 70 71 72 73 74 75 76 77 78 79 80 
8 64 17 22 73 39 39 8 8 17 63 22 12 17 17 20 16 17 18 19 20 21 22 64 21 20 63 63 20 39 30 73 64 63 20 73 64 21 20 39 22 41 63 43 73 17 20 64 73 22 8 22 8 8 22 63 56 8 39 8 21 20 17 63 64 21 63 73 68 39 22 21 17 73 64 21 39 39 21 64 73 
64 64 64 64 64 39 39 64 64 64 64 64 68 64 64 64 16 64 68 68 64 64 64 64 64 64 64 64 64 39 68 64 64 64 64 64 64 64 64 39 64 68 64 68 64 64 64 64 64 64 64 64 64 64 64 64 68 64 39 64 64 64 64 64 64 64 64 64 68 39 64 64 64 64 64 64 39 39 64 64 64 
24 32 65 24 24 5 6 71 21 71 65 65 30 65 65 65 16 21 30 30 21 21 21 32 24 65 65 65 24 76 30 65 32 24 71 65 32 65 65 39 71 30 71 30 65 24 65 47 71 65 65 65 65 65 65 65 30 65 76 65 65 65 65 21 64 65 65 65 68 76 65 71 65 21 32 65 76 76 65 79 65 
0 1 13 3 4 5 6 7 8 9 66 54 12 13 14 46 16 17 18 19 20 21 22 1 24 25 66 66 28 58 30 31 32 33 34 35 1 75 46 39 40 41 42 43 31 45 46 47 48 49 52 54 52 53 54 55 56 52 58 52 75 46 13 63 64 65 66 31 68 58 54 71 13 73 1 75 76 58 75 79 31 
4 1 80 3 4 5 6 48 73 48 80 11 41 31 35 44 16 73 41 41 73 21 22 23 24 35 44 67 4 29 30 31 32 4 48 35 36 37 67 39 40 41 48 43 44 4 31 47 48 49 44 51 31 35 54 35 41 67 58 80 60 80 67 73 64 65 31 67 68 69 70 71 44 73 74 75 76 77 78 79 80 
68 68 68 68 68 16 16 68 68 68 68 68 68 68 68 68 16 68 68 68 68 68 68 68 68 68 68 68 68 16 68 68 68 68 68 68 68 68 68 16 68 68 68 68 68 68 68 68 68 68 68 68 68 68 68 68 68 68 16 68 68 68 68 68 68 68 68 68 68 16 68 68 68 68 68 68 16 16 68 68 68 
6 58 69 6 6 5 6 5 39 5 69 69 16 58 76 69 16 39 16 16 39 39 39 69 6 76 69 69 6 69 16 58 76 6 5 76 69 69 69 39 5 16 5 16 69 6 58 5 5 76 69 69 58 76 58 76 16 69 58 69 69 69 69 39 39 76 58 69 16 69 69 5 69 39 69 58 76 69 69 6 69 
3 1 70 3 3 5 6 40 22 40 70 70 43 54 49 70 16 22 43 43 22 21 22 36 24 49 70 70 3 69 30 54 32 3 40 49 36 37 70 39 40 43 40 43 70 3 54 47 40 49 70 70 54 49 54 49 43 70 58 70 37 70 70 22 64 65 54 70 68 69 70 71 70 22 36 75 76 69 37 79 70 
24 47 71 24 24 5 6 71 21 71 71 71 30 71 71 71 16 21 30 30 21 21 21 47 24 71 71 71 24 5 30 71 47 24 71 71 47 71 71 39 71 30 71 30 71 24 71 47 71 71 71 71 71 71 71 71 30 71 5 71 71 71 71 21 64 71 71 71 68 5 71 71 71 21 47 71 5 5 71 79 71 
45 1 72 3 4 5 6 9 17 9 72 70 56 13 14 72 16 17 56 56 17 21 22 36 24 14 72 72 45 69 30 31 32 45 9 35 36 37 72 39 40 41 9 43 44 45 13 47 48 49 72 70 13 14 54 14 56 72 58 72 37 72 72 17 64 65 13 44 68 69 70 71 72 73 36 75 76 69 37 79 44 
73 64 73 22 73 39 39 73 73 73 73 22 41 73 73 73 16 73 41 41 73 21 22 64 21 73 73 73 73 39 30 73 64 73 73 73 64 21 73 39 22 41 73 43 73 73 73 64 73 22 73 22 73 73 22 73 41 73 39 73 21 73 73 73 64 21 73 73 68 39 22 21 73 73 64 21 39 39 21 64 73 
79 1 23 79 79 5 6 47 64 47 23 23 68 1 32 36 16 64 68 68 64 64 64 23 79 32 36 74 79 29 68 1 32 79 47 32 36 36 74 39 47 68 47 68 36 79 1 47 47 32 36 74 1 32 1 32 68 74 58 23 74 23 74 64 64 32 1 74 68 69 36 47 36 64 74 1 76 77 23 79 23 
24 1 75 24 24 5 6 71 21 71 75 75 30 75 65 75 16 21 30 30 21 21 21 1 24 65 75 75 24 58 30 75 32 24 71 65 1 75 75 39 71 30 71 30 75 24 75 47 71 65 75 75 75 65 75 65 30 75 58 75 75 75 75 21 64 65 75 75 68 58 75 71 75 21 1 75 76 58 75 79 75 
6 76 76 6 6 5 6 5 39 5 76 76 16 76 76 76 16 39 16 16 39 39 39 76 6 76 76 76 6 76 16 76 76 6 5 76 76 76 76 39 5 16 5 16 76 6 76 5 5 76 76 76 76 76 76 76 16 76 76 76 76 76 76 39 39 76 76 76 16 76 76 5 76 39 76 76 76 76 76 6 76 
6 58 29 6 6 5 6 5 39 5 29 29 16 58 76 69 16 39 16 16 39 39 39 29 6 76 69 77 6 29 16 58 76 6 5 76 69 69 77 39 5 16 5 16 69 6 58 5 5 76 69 77 58 76 58 76 16 77 58 29 77 29 77 39 39 76 58 77 16 69 69 5 69 39 77 58 76 77 29 6 29 
24 1 78 24 24 5 6 71 21 71 78 78 30 75 65 37 16 21 30 30 21 21 21 23 24 65 37 78 24 29 30 75 32 24 71 65 36 37 78 39 71 30 71 30 37 24 75 47 71 65 37 78 75 65 75 65 30 78 58 78 78 78 78 21 64 65 75 78 68 69 37 71 37 21 23 75 76 29 78 79 78 
79 79 79 79 79 6 6 79 64 79 79 79 68 79 79 79 16 64 68 68 64 64 64 79 79 79 79 79 79 6 68 79 79 79 79 79 79 79 79 39 79 68 79 68 79 79 79 79 79 79 79 79 79 79 79 79 68 79 6 79 79 79 79 64 64 79 79 79 68 6 79 79 79 64 79 79 6 6 79 79 79 
4 1 80 3 4 5 6 48 73 48 80 11 41 31 35 44 16 73 41 41 73 21 22 23 24 35 44 80 4 29 30 31 32 4 48 35 36 37 80 39 40 41 48 43 44 4 31 47 48 49 44 11 31 35 54 35 41 80 58 80 78 80 80 73 64 65 31 80 68 69 70 71 44 73 23 75 76 29 78 79 80 

