 0  0  0  0  0  0  0  0  0  0  0  0  0  0  0  0
 0  1  1  1  0  1  1  1  0  1  1  1  0  1  1  1
 0  1  2  2  0  1  2  2  0  1  2  2  0  1  2  2
 0  1  2  3  0  1  2  3  0  1  2  3  0  1  2  3
 0  0  0  0  4  4  4  4  4  4  4  4  4  4  4  4
 0  1  1  1  4  5  5  5  4  5  5  5  4  5  5  5
 0  1  2  2  4  5  6  6  4  5  6  6  4  5  6  6
 0  1  2  3  4  5  6  7  4  5  6  7  4  5  6  7
 0  0  0  0  4  4  4  4  8  8  8  8  8  8  8  8
 0  1  1  1  4  5  5  5  8  9  9  9  8  9  9  9
 0  1  2  2  4  5  6  6  8  9 10 10  8  9 10 10
 0  1  2  3  4  5  6  7  8  9 10 11  8  9 10 11
 0  0  0  0  4  4  4  4  8  8  8  8 12 12 12 12
 0  1  1  1  4  5  5  5  8  9  9  9 12 13 13 13
 0  1  2  2  4  5  6  6  8  9 10 10 12 13 14 14
 0  1  2  3  4  5  6  7  8  9 10 11 12 13 14 15
